4 0.2701316 0.30267859 0.12973686 0.31473213
9 0.39986846 0.30267859 0.12973686 0.31473213
36 0.52960527 0.30267859 0.12973686 0.31473213
21 0.65934205 0.30267859 0.12973681 0.31473213
1 0.78907895 0.30267859 0.12973681 0.31473213
0 0.15849282 0.68214285 0.15645933 0.37232143
4 0.31495214 0.68214285 0.15645933 0.37232143
4 0.47141147 0.68214285 0.15645933 0.37232143
37 0.58875597 0.68214285 0.07822968 0.37232143
5 0.70610046 0.68214285 0.15645936 0.37232143
6 0.86255985 0.68214285 0.15645929 0.37232143
