7 0.22921053 0.28482142 0.13210526 0.35223213
6 0.36131576 0.28482142 0.13210526 0.35223213
36 0.49342105 0.28482142 0.13210526 0.35223213
6 0.62552637 0.28482142 0.13210529 0.35223213
1 0.75763154 0.28482142 0.13210529 0.35223213
1 0.14736842 0.67321426 0.16052632 0.38035715
1 0.30789474 0.67321426 0.16052632 0.38035715
6 0.46842104 0.67321426 0.16052632 0.38035715
37 0.5888158 0.67321426 0.08026316 0.38035715
4 0.7092105 0.67321426 0.16052632 0.38035715
9 0.86973685 0.67321426 0.16052632 0.38035715
