6 0.22171053 0.27946427 0.14342105 0.35758927
0 0.3651316 0.27946427 0.14342105 0.35758927
36 0.5085526 0.27946427 0.14342105 0.35758927
11 0.65197366 0.27946427 0.14342105 0.35758927
8 0.7953947 0.27946427 0.14342105 0.35758927
0 0.11435407 0.65089285 0.16291866 0.37098214
1 0.27727273 0.65089285 0.16291866 0.37098214
0 0.44019136 0.65089285 0.16291866 0.37098214
37 0.56238043 0.65089285 0.08145933 0.37098214
7 0.68456936 0.65089285 0.16291866 0.37098214
5 0.8474881 0.65089285 0.16291866 0.37098214
