8 0.22328947 0.27142859 0.14394736 0.34553573
6 0.36723682 0.27142859 0.14394736 0.34553573
36 0.5111842 0.27142859 0.14394736 0.34553573
12 0.65513164 0.27142859 0.14394741 0.34553573
1 0.79907894 0.27142859 0.14394741 0.34553573
0 0.122488044 0.6767857 0.16602871 0.34017858
7 0.28851676 0.6767857 0.16602871 0.34017858
2 0.45454547 0.6767857 0.16602871 0.34017858
37 0.57906693 0.6767857 0.083014354 0.34017858
6 0.70358855 0.6767857 0.16602871 0.34017858
1 0.86961716 0.6767857 0.16602871 0.34017858
