5 0.24486843 0.26785713 0.14763157 0.35089287
9 0.39249998 0.26785713 0.14763157 0.35089287
36 0.54013157 0.26785713 0.14763156 0.35089287
21 0.6877631 0.26785713 0.1476316 0.35089287
2 0.83539474 0.26785713 0.1476316 0.35089287
0 0.18863636 0.66964287 0.15885167 0.35357141
2 0.34748802 0.66964287 0.15885167 0.35357141
0 0.5063397 0.66964287 0.15885167 0.35357141
37 0.6254785 0.66964287 0.07942585 0.35357141
8 0.7446173 0.66964287 0.1588517 0.35357141
4 0.90346897 0.66964287 0.1588517 0.35357141
