5 0.21157895 0.24464285 0.14157896 0.3642857
9 0.35315794 0.24464285 0.14157896 0.3642857
36 0.49473685 0.24464285 0.14157896 0.3642857
22 0.63631576 0.24464285 0.14157891 0.3642857
1 0.77789474 0.24464285 0.14157891 0.3642857
7 0.13361244 0.66160715 0.16196172 0.35223213
6 0.29557416 0.66160715 0.16196172 0.35223213
0 0.45753592 0.66160715 0.16196172 0.35223213
37 0.5790072 0.66160715 0.080980845 0.35223213
5 0.7004785 0.66160715 0.16196169 0.35223213
4 0.86244017 0.66160715 0.16196176 0.35223213
