5 0.20092104 0.26339287 0.14921051 0.36830357
9 0.35013154 0.26339287 0.14921051 0.36830357
36 0.4993421 0.26339287 0.14921051 0.36830357
15 0.64855266 0.26339287 0.14921056 0.36830357
1 0.79776317 0.26339287 0.14921056 0.36830357
3 0.14569378 0.66964287 0.16770335 0.35892856
6 0.31339714 0.66964287 0.16770335 0.35892856
5 0.48110047 0.66964287 0.16770336 0.35892856
37 0.60687804 0.66964287 0.083851665 0.35892856
6 0.73265547 0.66964287 0.16770336 0.35892856
4 0.9003588 0.66964287 0.16770333 0.35892856
