5 0.19065788 0.2642857 0.13921054 0.34285715
9 0.32986844 0.2642857 0.13921054 0.34285715
36 0.46907896 0.2642857 0.13921055 0.34285715
29 0.6082895 0.2642857 0.1392105 0.34285715
1 0.74749994 0.2642857 0.1392105 0.34285715
5 0.1257177 0.66339284 0.16196172 0.36294642
9 0.28767943 0.66339284 0.16196172 0.36294642
9 0.44964117 0.66339284 0.16196172 0.36294642
37 0.57111245 0.66339284 0.080980845 0.36294642
7 0.69258374 0.66339284 0.16196169 0.36294642
3 0.8545454 0.66339284 0.16196176 0.36294642
