5 0.20092104 0.26160714 0.14921051 0.36026785
9 0.35013154 0.26160714 0.14921051 0.36026785
36 0.4993421 0.26160714 0.14921051 0.36026785
15 0.64855266 0.26160714 0.14921056 0.36026785
1 0.79776317 0.26160714 0.14921056 0.36026785
6 0.118421055 0.6660714 0.17105263 0.34553573
2 0.28947368 0.6660714 0.17105263 0.34553573
9 0.46052632 0.6660714 0.17105263 0.34553573
37 0.5888158 0.6660714 0.08552632 0.34553573
1 0.71710527 0.6660714 0.17105263 0.34553573
9 0.8881579 0.6660714 0.17105263 0.34553573
