5 0.24763158 0.30446428 0.14526315 0.36830357
9 0.39289472 0.30446428 0.14526315 0.36830357
36 0.5381579 0.30446428 0.14526315 0.36830357
29 0.6834211 0.30446428 0.1452632 0.36830357
1 0.8286842 0.30446428 0.1452632 0.36830357
2 0.115550235 0.66964287 0.16794257 0.39910713
0 0.2834928 0.66964287 0.16794257 0.39910713
2 0.45143536 0.66964287 0.16794257 0.39910713
37 0.57739234 0.66964287 0.083971284 0.39910713
4 0.7033493 0.66964287 0.16794261 0.39910713
3 0.8712919 0.66964287 0.16794257 0.39910713
