5 0.24802631 0.27321428 0.14605263 0.36696428
9 0.39407894 0.27321428 0.14605263 0.36696428
36 0.54013157 0.27321428 0.14605263 0.36696428
12 0.6861842 0.27321428 0.14605263 0.36696428
2 0.8322368 0.27321428 0.14605263 0.36696428
4 0.17200956 0.67410713 0.1598086 0.34419644
6 0.3318182 0.67410713 0.1598086 0.34419644
3 0.49162677 0.67410713 0.15980864 0.34419644
37 0.6114833 0.67410713 0.079904296 0.34419644
2 0.7313397 0.67410713 0.15980864 0.34419644
6 0.89114827 0.67410713 0.15980859 0.34419644
