5 0.24592105 0.29910713 0.12342106 0.33616072
9 0.36934212 0.29910713 0.12342106 0.33616072
36 0.49276316 0.29910713 0.12342108 0.33616072
15 0.61618423 0.29910713 0.123421036 0.33616072
1 0.73960525 0.29910713 0.123421036 0.33616072
2 0.19186603 0.68035716 0.14162678 0.33214286
0 0.33349282 0.68035716 0.14162678 0.33214286
1 0.4751196 0.68035716 0.14162678 0.33214286
37 0.5813397 0.68035716 0.07081339 0.33214286
5 0.68755984 0.68035716 0.14162682 0.33214286
8 0.8291866 0.68035716 0.14162678 0.33214286
