9 0.27184212 0.27589285 0.13315791 0.32008928
2 0.40500003 0.27589285 0.13315791 0.32008928
36 0.5381579 0.27589285 0.13315786 0.32008928
13 0.6713158 0.27589285 0.13315791 0.32008928
1 0.8044737 0.27589285 0.13315791 0.32008928
4 0.19497608 0.67410713 0.15047848 0.32544643
2 0.34545457 0.67410713 0.15047848 0.32544643
7 0.49593306 0.67410713 0.15047848 0.32544643
37 0.6087919 0.67410713 0.07523924 0.32544643
0 0.7216507 0.67410713 0.15047844 0.32544643
5 0.8721292 0.67410713 0.15047848 0.32544643
