5 0.23947369 0.30535713 0.12894736 0.3482143
9 0.36842105 0.30535713 0.12894736 0.3482143
36 0.49736843 0.30535713 0.12894736 0.3482143
29 0.6263158 0.30535713 0.12894736 0.3482143
1 0.75526315 0.30535713 0.12894736 0.3482143
6 0.16674641 0.71160716 0.14665072 0.34151787
2 0.31339714 0.71160716 0.14665072 0.34151787
1 0.46004784 0.71160716 0.14665073 0.34151787
37 0.57003593 0.71160716 0.07332535 0.34151787
3 0.6800239 0.71160716 0.14665073 0.34151787
3 0.82667464 0.71160716 0.1466507 0.34151787
