5 0.24236841 0.31517857 0.12947367 0.32544643
9 0.3718421 0.31517857 0.12947367 0.32544643
36 0.5013158 0.31517857 0.12947367 0.32544643
31 0.6307895 0.31517857 0.12947372 0.32544643
2 0.76026314 0.31517857 0.12947372 0.32544643
2 0.1832536 0.71339285 0.13755982 0.29598215
4 0.3208134 0.71339285 0.13755982 0.29598215
6 0.45837322 0.71339285 0.13755979 0.29598215
37 0.56154305 0.71339285 0.068779916 0.29598215
1 0.6647129 0.71339285 0.13755979 0.29598215
4 0.80227274 0.71339285 0.13755983 0.29598215
