5 0.2618421 0.31071427 0.12631579 0.32142857
9 0.3881579 0.31071427 0.12631579 0.32142857
36 0.5144737 0.31071427 0.12631579 0.32142857
28 0.64078945 0.31071427 0.12631579 0.32142857
2 0.7671053 0.31071427 0.12631579 0.32142857
2 0.19294259 0.70178574 0.13851675 0.31607142
8 0.33145934 0.70178574 0.13851675 0.31607142
8 0.4699761 0.70178574 0.13851675 0.31607142
37 0.5738636 0.70178574 0.06925836 0.31607142
3 0.6777512 0.70178574 0.13851672 0.31607142
4 0.81626797 0.70178574 0.13851672 0.31607142
