5 0.22605264 0.27946427 0.13894738 0.36026785
9 0.36500004 0.27946427 0.13894738 0.36026785
36 0.5039474 0.27946427 0.13894738 0.36026785
25 0.6428947 0.27946427 0.13894734 0.36026785
2 0.7818421 0.27946427 0.13894734 0.36026785
1 0.15729666 0.68303573 0.14880383 0.35223213
1 0.3061005 0.68303573 0.14880383 0.35223213
1 0.45490435 0.68303573 0.14880383 0.35223213
37 0.5665072 0.68303573 0.07440189 0.35223213
2 0.67811006 0.68303573 0.14880379 0.35223213
0 0.82691383 0.68303573 0.14880387 0.35223213
