5 0.1931579 0.30714285 0.1468421 0.31339285
9 0.34000003 0.30714285 0.1468421 0.31339285
36 0.4868421 0.30714285 0.1468421 0.31339285
29 0.63368416 0.30714285 0.14684208 0.31339285
1 0.78052634 0.30714285 0.14684208 0.31339285
0 0.119617224 0.68035716 0.16028707 0.30267859
0 0.2799043 0.68035716 0.16028707 0.30267859
3 0.44019136 0.68035716 0.16028707 0.30267859
37 0.56040674 0.68035716 0.08014353 0.30267859
8 0.680622 0.68035716 0.16028707 0.30267859
1 0.8409091 0.68035716 0.16028707 0.30267859
