6 0.23026316 0.31964287 0.13947369 0.41785714
6 0.36973685 0.31964287 0.13947369 0.41785714
36 0.5092105 0.31964287 0.13947369 0.41785714
28 0.6486842 0.31964287 0.13947369 0.41785714
1 0.7881579 0.31964287 0.13947369 0.41785714
1 0.15514354 0.70357144 0.14976075 0.41785714
2 0.30490428 0.70357144 0.14976075 0.41785714
2 0.45466506 0.70357144 0.14976075 0.41785714
37 0.56698567 0.70357144 0.07488038 0.41785714
3 0.6793062 0.70357144 0.14976075 0.41785714
9 0.82906705 0.70357144 0.14976075 0.41785714
