5 0.21776316 0.29732144 0.13552631 0.35758927
9 0.35328948 0.29732144 0.13552631 0.35758927
36 0.48881578 0.29732144 0.13552631 0.35758927
0 0.6243421 0.29732144 0.13552631 0.35758927
1 0.75986844 0.29732144 0.13552631 0.35758927
8 0.1570574 0.70267856 0.15622008 0.36830357
5 0.31327748 0.70267856 0.15622008 0.36830357
6 0.4694976 0.70267856 0.15622008 0.36830357
37 0.5866627 0.70267856 0.07811006 0.36830357
1 0.7038278 0.70267856 0.15622012 0.36830357
9 0.86004794 0.70267856 0.15622012 0.36830357
