6 0.23144735 0.31428573 0.13921054 0.34285715
5 0.37065792 0.31428573 0.13921054 0.34285715
36 0.50986844 0.31428573 0.13921055 0.34285715
15 0.64907897 0.31428573 0.1392105 0.34285715
1 0.7882894 0.31428573 0.1392105 0.34285715
3 0.15861244 0.71339285 0.16459331 0.36026785
1 0.32320574 0.71339285 0.16459331 0.36026785
5 0.48779908 0.71339285 0.16459331 0.36026785
37 0.611244 0.71339285 0.08229663 0.36026785
3 0.734689 0.71339285 0.16459326 0.36026785
2 0.8992823 0.71339285 0.16459334 0.36026785
