5 0.26539475 0.32142857 0.14394736 0.34285715
9 0.40934208 0.32142857 0.14394736 0.34285715
36 0.5532895 0.32142857 0.14394736 0.34285715
25 0.6972369 0.32142857 0.14394741 0.34285715
2 0.8411842 0.32142857 0.14394741 0.34285715
1 0.19665071 0.70267856 0.15382774 0.32544643
1 0.35047847 0.70267856 0.15382774 0.32544643
1 0.5043062 0.70267856 0.15382774 0.32544643
37 0.619677 0.70267856 0.07691389 0.32544643
2 0.7350478 0.70267856 0.15382779 0.32544643
0 0.8888756 0.70267856 0.15382771 0.32544643
