5 0.17263158 0.31339285 0.15578946 0.34955359
9 0.32842103 0.31339285 0.15578946 0.34955359
36 0.48421052 0.31339285 0.15578946 0.34955359
25 0.64000005 0.31339285 0.15578951 0.34955359
1 0.7957895 0.31339285 0.15578951 0.34955359
1 0.15861244 0.71517855 0.15933014 0.29866073
2 0.3179426 0.71517855 0.15933014 0.29866073
8 0.47727275 0.71517855 0.15933014 0.29866073
37 0.59677035 0.71517855 0.07966505 0.29866073
7 0.71626794 0.71517855 0.1593301 0.29866073
5 0.8755981 0.71517855 0.15933019 0.29866073
