5 0.26000002 0.30892858 0.12526315 0.34017858
9 0.38526314 0.30892858 0.12526315 0.34017858
36 0.5105263 0.30892858 0.12526314 0.34017858
31 0.63578945 0.30892858 0.12526317 0.34017858
2 0.76105267 0.30892858 0.12526317 0.34017858
4 0.20801435 0.6901786 0.13181819 0.30401787
3 0.33983254 0.6901786 0.13181819 0.30401787
6 0.47165075 0.6901786 0.13181819 0.30401787
37 0.5705143 0.6901786 0.065909095 0.30401787
5 0.669378 0.6901786 0.13181819 0.30401787
4 0.80119616 0.6901786 0.13181819 0.30401787
