6 0.20671053 0.31339285 0.14236842 0.31205356
0 0.34907892 0.31339285 0.14236842 0.31205356
36 0.49144736 0.31339285 0.14236839 0.31205356
11 0.63381577 0.31339285 0.14236844 0.31205356
1 0.77618426 0.31339285 0.14236844 0.31205356
4 0.116267934 0.70178574 0.16674641 0.3267857
9 0.28301433 0.70178574 0.16674641 0.3267857
1 0.44976076 0.70178574 0.16674641 0.3267857
37 0.5748206 0.70178574 0.08337322 0.3267857
3 0.6998804 0.70178574 0.16674644 0.3267857
9 0.86662686 0.70178574 0.16674644 0.3267857
