5 0.18434212 0.30357143 0.13973683 0.36964285
9 0.32407892 0.30357143 0.13973683 0.36964285
36 0.46381578 0.30357143 0.13973682 0.36964285
30 0.6035526 0.30357143 0.13973686 0.36964285
1 0.74328953 0.30357143 0.13973686 0.36964285
7 0.13289474 0.7080357 0.15526316 0.38169643
9 0.28815788 0.7080357 0.15526316 0.38169643
7 0.44342107 0.7080357 0.15526316 0.38169643
37 0.5598684 0.7080357 0.07763158 0.38169643
5 0.6763158 0.7080357 0.15526316 0.38169643
1 0.83157897 0.7080357 0.15526316 0.38169643
