5 0.22078948 0.33571428 0.14157896 0.31607142
9 0.36236846 0.33571428 0.14157896 0.31607142
36 0.5039474 0.33571428 0.14157896 0.31607142
29 0.6455263 0.33571428 0.14157891 0.31607142
1 0.78710526 0.33571428 0.14157891 0.31607142
8 0.16566986 0.69910717 0.16028707 0.31205356
8 0.32595694 0.69910717 0.16028707 0.31205356
8 0.486244 0.69910717 0.16028707 0.31205356
37 0.6064594 0.69910717 0.08014353 0.31205356
0 0.7266746 0.69910717 0.16028707 0.31205356
8 0.88696176 0.69910717 0.16028707 0.31205356
