5 0.24118422 0.31964287 0.14289474 0.30267859
9 0.38407898 0.31964287 0.14289474 0.30267859
36 0.52697366 0.31964287 0.14289474 0.30267859
22 0.6698684 0.31964287 0.1428947 0.30267859
1 0.81276315 0.31964287 0.1428947 0.30267859
2 0.1624402 0.68035716 0.16435406 0.31071427
1 0.32679427 0.68035716 0.16435406 0.31071427
7 0.4911483 0.68035716 0.16435406 0.31071427
37 0.61441386 0.68035716 0.08217705 0.31071427
0 0.7376794 0.68035716 0.1643541 0.31071427
4 0.9020335 0.68035716 0.16435403 0.31071427
