5 0.20592105 0.33482143 0.1486842 0.31205356
9 0.35460526 0.33482143 0.1486842 0.31205356
36 0.50328946 0.33482143 0.1486842 0.31205356
22 0.65197366 0.33482143 0.1486842 0.31205356
1 0.80065787 0.33482143 0.1486842 0.31205356
3 0.12583731 0.69107145 0.17272726 0.30535713
6 0.29856458 0.69107145 0.17272726 0.30535713
4 0.47129187 0.69107145 0.17272729 0.30535713
37 0.6008373 0.69107145 0.08636362 0.30535713
5 0.73038274 0.69107145 0.17272724 0.30535713
2 0.90310997 0.69107145 0.17272724 0.30535713
