5 0.28473684 0.35535714 0.12999998 0.31071427
9 0.4147368 0.35535714 0.12999998 0.31071427
36 0.54473686 0.35535714 0.13000003 0.31071427
14 0.6747369 0.35535714 0.12999998 0.31071427
1 0.8047368 0.35535714 0.12999998 0.31071427
2 0.2229665 0.73035717 0.14593302 0.31071427
9 0.36889952 0.73035717 0.14593302 0.31071427
5 0.5148325 0.73035717 0.14593302 0.31071427
37 0.6242823 0.73035717 0.07296652 0.31071427
6 0.73373204 0.73035717 0.14593305 0.31071427
5 0.8796651 0.73035717 0.14593297 0.31071427
