5 0.22263157 0.30714285 0.12947367 0.30535713
9 0.35210523 0.30714285 0.12947367 0.30535713
36 0.48157895 0.30714285 0.12947367 0.30535713
30 0.6110527 0.30714285 0.12947372 0.30535713
1 0.7405263 0.30714285 0.12947372 0.30535713
7 0.12212918 0.69285715 0.15741625 0.33482143
0 0.27954543 0.69285715 0.15741625 0.33482143
3 0.43696168 0.69285715 0.15741625 0.33482143
37 0.5550239 0.69285715 0.07870813 0.33482143
9 0.67308617 0.69285715 0.1574163 0.33482143
2 0.8305024 0.69285715 0.15741625 0.33482143
