5 0.24289474 0.28214285 0.13052632 0.35089287
9 0.37342104 0.28214285 0.13052632 0.35089287
36 0.5039474 0.28214285 0.13052629 0.35089287
25 0.6344737 0.28214285 0.13052633 0.35089287
1 0.76500005 0.28214285 0.13052633 0.35089287
8 0.14712918 0.65982145 0.14688994 0.34955359
3 0.2940191 0.65982145 0.14688994 0.34955359
2 0.44090906 0.65982145 0.14688994 0.34955359
37 0.55107653 0.65982145 0.07344497 0.34955359
5 0.66124403 0.65982145 0.14688998 0.34955359
7 0.80813396 0.65982145 0.14688994 0.34955359
