5 0.19118421 0.30357143 0.14026317 0.35089287
9 0.3314474 0.30357143 0.14026317 0.35089287
36 0.47171053 0.30357143 0.14026317 0.35089287
25 0.61197364 0.30357143 0.14026313 0.35089287
1 0.75223684 0.30357143 0.14026313 0.35089287
5 0.14808613 0.66071427 0.154067 0.36160713
5 0.3021531 0.66071427 0.154067 0.36160713
8 0.45622012 0.66071427 0.154067 0.36160713
37 0.57177037 0.66071427 0.077033475 0.36160713
1 0.6873206 0.66071427 0.15406695 0.36160713
1 0.8413875 0.66071427 0.15406702 0.36160713
