5 0.27894738 0.31339285 0.13157895 0.30401787
9 0.4105263 0.31339285 0.13157895 0.30401787
36 0.54210526 0.31339285 0.13157895 0.30401787
33 0.67368424 0.31339285 0.13157895 0.30401787
1 0.80526316 0.31339285 0.13157895 0.30401787
4 0.21925838 0.6848214 0.14904307 0.30669641
5 0.36830148 0.6848214 0.14904307 0.30669641
1 0.51734453 0.6848214 0.14904307 0.30669641
37 0.6291268 0.6848214 0.07452152 0.30669641
2 0.74090904 0.6848214 0.14904304 0.30669641
8 0.8899522 0.6848214 0.14904304 0.30669641
