5 0.19118421 0.30714285 0.15342106 0.33482143
9 0.3446053 0.30714285 0.15342106 0.33482143
36 0.4980263 0.30714285 0.15342106 0.33482143
1 0.65144736 0.30714285 0.15342101 0.33482143
1 0.80486846 0.30714285 0.15342101 0.33482143
6 0.11096491 0.7125 0.15350875 0.31071427
0 0.26447368 0.7125 0.15350875 0.31071427
8 0.4179824 0.7125 0.15350875 0.31071427
37 0.5331141 0.7125 0.0767544 0.31071427
1 0.64824563 0.7125 0.15350875 0.31071427
37 0.76337713 0.7125 0.07675436 0.31071427
1 0.87850875 0.7125 0.1535088 0.31071427
