5 0.19684212 0.34464285 0.14894736 0.28928572
9 0.34578946 0.34464285 0.14894736 0.28928572
36 0.49473685 0.34464285 0.14894734 0.28928572
22 0.6436842 0.34464285 0.14894739 0.28928572
1 0.7926316 0.34464285 0.14894739 0.28928572
2 0.12404306 0.70446426 0.17177033 0.30669641
1 0.29581338 0.70446426 0.17177033 0.30669641
7 0.46758375 0.70446426 0.17177032 0.30669641
37 0.59641147 0.70446426 0.08588518 0.30669641
0 0.7252392 0.70446426 0.17177032 0.30669641
4 0.8970096 0.70446426 0.17177036 0.30669641
