5 0.2706579 0.33482143 0.12552631 0.37901786
9 0.39618418 0.33482143 0.12552631 0.37901786
36 0.5217105 0.33482143 0.12552631 0.37901786
23 0.6472369 0.33482143 0.12552635 0.37901786
1 0.77276313 0.33482143 0.12552635 0.37901786
8 0.16184211 0.68035716 0.14210527 0.40714285
7 0.30394736 0.68035716 0.14210527 0.40714285
1 0.44605264 0.68035716 0.14210527 0.40714285
37 0.55263156 0.68035716 0.07105263 0.40714285
7 0.6592105 0.68035716 0.14210527 0.40714285
3 0.8013158 0.68035716 0.14210527 0.40714285
