5 0.21157895 0.32857144 0.14157896 0.31339285
9 0.35315794 0.32857144 0.14157896 0.31339285
36 0.49473685 0.32857144 0.14157896 0.31339285
22 0.63631576 0.32857144 0.14157891 0.31339285
1 0.77789474 0.32857144 0.14157891 0.31339285
9 0.12428229 0.69285715 0.16435406 0.33214286
4 0.28863636 0.69285715 0.16435406 0.33214286
4 0.4529904 0.69285715 0.16435406 0.33214286
37 0.576256 0.69285715 0.08217705 0.33214286
5 0.69952154 0.69285715 0.1643541 0.33214286
8 0.8638756 0.69285715 0.16435403 0.33214286
