5 0.24407895 0.33392859 0.13552631 0.28928572
9 0.37960526 0.33392859 0.13552631 0.28928572
36 0.5151316 0.33392859 0.13552631 0.28928572
14 0.6506579 0.33392859 0.13552631 0.28928572
1 0.7861842 0.33392859 0.13552631 0.28928572
1 0.16566986 0.69196427 0.16028707 0.31473213
7 0.32595694 0.69196427 0.16028707 0.31473213
9 0.486244 0.69196427 0.16028707 0.31473213
37 0.6064594 0.69196427 0.08014353 0.31473213
3 0.7266746 0.69196427 0.16028707 0.31473213
6 0.88696176 0.69196427 0.16028707 0.31473213
