5 0.22355263 0.32767856 0.14184211 0.31205356
9 0.36539474 0.32767856 0.14184211 0.31205356
36 0.50723684 0.32767856 0.14184213 0.31205356
14 0.64907897 0.32767856 0.14184208 0.31205356
1 0.79092103 0.32767856 0.14184208 0.31205356
3 0.14653109 0.6973214 0.16148324 0.32008928
4 0.30801433 0.6973214 0.16148324 0.32008928
1 0.4694976 0.6973214 0.16148324 0.32008928
37 0.5906101 0.6973214 0.080741644 0.32008928
9 0.71172255 0.6973214 0.16148329 0.32008928
2 0.8732058 0.6973214 0.16148329 0.32008928
