5 0.23947369 0.30267859 0.12368421 0.32008928
9 0.3631579 0.30267859 0.12368421 0.32008928
36 0.4868421 0.30267859 0.12368421 0.32008928
22 0.6105263 0.30267859 0.12368421 0.32008928
1 0.73421055 0.30267859 0.12368421 0.32008928
0 0.18576556 0.69464284 0.14258374 0.32142857
3 0.3283493 0.69464284 0.14258374 0.32142857
5 0.47093305 0.69464284 0.14258374 0.32142857
37 0.57787085 0.69464284 0.07129187 0.32142857
1 0.6848086 0.69464284 0.14258371 0.32142857
9 0.82739234 0.69464284 0.14258374 0.32142857
