5 0.19131579 0.31517857 0.15105264 0.34955359
9 0.34236842 0.31517857 0.15105264 0.34955359
36 0.49342105 0.31517857 0.15105265 0.34955359
33 0.64447373 0.31517857 0.15105261 0.34955359
2 0.79552627 0.31517857 0.15105261 0.34955359
6 0.11160287 0.6964286 0.17320575 0.39642859
7 0.28480864 0.6964286 0.17320575 0.39642859
1 0.4580144 0.6964286 0.17320576 0.39642859
37 0.5879187 0.6964286 0.08660287 0.39642859
7 0.71782297 0.6964286 0.17320573 0.39642859
8 0.8910287 0.6964286 0.17320573 0.39642859
