3 0.23921053 0.31607142 0.15210527 0.32142857
7 0.39131582 0.31607142 0.15210527 0.32142857
36 0.54342103 0.31607142 0.15210527 0.32142857
22 0.6955263 0.31607142 0.15210523 0.32142857
1 0.8476316 0.31607142 0.15210523 0.32142857
0 0.15358852 0.68303573 0.1624402 0.29598215
7 0.3160287 0.68303573 0.1624402 0.29598215
9 0.4784689 0.68303573 0.16244021 0.29598215
37 0.60029906 0.68303573 0.08122008 0.29598215
1 0.72212917 0.68303573 0.16244021 0.29598215
8 0.88456935 0.68303573 0.16244017 0.29598215
