4 0.18921053 0.31964287 0.15473685 0.28928572
8 0.3439474 0.31964287 0.15473685 0.28928572
36 0.4986842 0.31964287 0.15473685 0.28928572
11 0.65342104 0.31964287 0.15473682 0.28928572
1 0.8081579 0.31964287 0.15473682 0.28928572
2 0.09617225 0.68392855 0.17918661 0.28928572
8 0.27535886 0.68392855 0.17918661 0.28928572
8 0.45454547 0.68392855 0.17918661 0.28928572
37 0.58893543 0.68392855 0.089593306 0.28928572
0 0.7233254 0.68392855 0.17918666 0.28928572
7 0.9025121 0.68392855 0.17918661 0.28928572
