5 0.23513158 0.31339285 0.14657894 0.33080357
9 0.3817105 0.31339285 0.14657894 0.33080357
36 0.5282895 0.31339285 0.14657894 0.33080357
17 0.67486846 0.31339285 0.14657898 0.33080357
7 0.8214474 0.31339285 0.14657898 0.33080357
5 0.15789473 0.70357144 0.16578947 0.34553573
4 0.32368422 0.70357144 0.16578947 0.34553573
2 0.48947367 0.70357144 0.16578947 0.34553573
37 0.6138158 0.70357144 0.082894735 0.34553573
8 0.73815787 0.70357144 0.16578947 0.34553573
9 0.90394735 0.70357144 0.16578947 0.34553573
