5 0.2081579 0.34196427 0.15052631 0.29866073
9 0.35868418 0.34196427 0.15052631 0.29866073
36 0.5092105 0.34196427 0.15052631 0.29866073
15 0.6597369 0.34196427 0.15052634 0.29866073
1 0.81026316 0.34196427 0.15052634 0.29866073
1 0.12727273 0.67589283 0.16770335 0.27723214
6 0.2949761 0.67589283 0.16770335 0.27723214
7 0.46267942 0.67589283 0.16770336 0.27723214
37 0.588457 0.67589283 0.083851665 0.27723214
1 0.7142345 0.67589283 0.16770336 0.27723214
1 0.88193774 0.67589283 0.16770333 0.27723214
