5 0.25315788 0.29107141 0.13000001 0.31607142
9 0.3831579 0.29107141 0.13000001 0.31607142
36 0.5131579 0.29107141 0.13000003 0.31607142
25 0.6431579 0.29107141 0.12999998 0.31607142
1 0.77315784 0.29107141 0.12999998 0.31607142
3 0.19748804 0.67589283 0.14497608 0.28526786
3 0.34246412 0.67589283 0.14497608 0.28526786
2 0.4874402 0.67589283 0.14497608 0.28526786
37 0.5961722 0.67589283 0.07248804 0.28526786
0 0.7049043 0.67589283 0.14497608 0.28526786
2 0.84988034 0.67589283 0.14497608 0.28526786
