5 0.2575 0.34017858 0.12552631 0.27455357
9 0.38302627 0.34017858 0.12552631 0.27455357
36 0.5085526 0.34017858 0.12552631 0.27455357
25 0.634079 0.34017858 0.12552635 0.27455357
1 0.7596052 0.34017858 0.12552635 0.27455357
8 0.18863636 0.69107145 0.14569376 0.28660715
7 0.33433014 0.69107145 0.14569376 0.28660715
1 0.48002392 0.69107145 0.14569376 0.28660715
37 0.58929425 0.69107145 0.072846904 0.28660715
4 0.69856465 0.69107145 0.14569381 0.28660715
9 0.84425837 0.69107145 0.14569381 0.28660715
