5 0.20144738 0.31785715 0.13710526 0.36964285
9 0.33855262 0.31785715 0.13710526 0.36964285
36 0.47565788 0.31785715 0.13710524 0.36964285
17 0.6127631 0.31785715 0.13710529 0.36964285
1 0.74986845 0.31785715 0.13710529 0.36964285
0 0.16699561 0.7080357 0.1392544 0.35758927
37 0.27143642 0.7080357 0.0696272 0.35758927
2 0.37587723 0.7080357 0.1392544 0.35758927
8 0.5151316 0.7080357 0.1392544 0.35758927
37 0.61957234 0.7080357 0.06962718 0.35758927
7 0.72401315 0.7080357 0.1392544 0.35758927
6 0.8632676 0.7080357 0.13925436 0.35758927
