5 0.20473684 0.33839285 0.15157895 0.33348215
9 0.35631576 0.33839285 0.15157895 0.33348215
36 0.50789475 0.33839285 0.15157892 0.33348215
29 0.65947366 0.33839285 0.15157896 0.33348215
1 0.8110527 0.33839285 0.15157896 0.33348215
5 0.11614832 0.6982143 0.17177033 0.31071427
6 0.28791866 0.6982143 0.17177033 0.31071427
1 0.45968902 0.6982143 0.17177032 0.31071427
37 0.5885167 0.6982143 0.08588518 0.31071427
5 0.7173445 0.6982143 0.17177032 0.31071427
0 0.88911486 0.6982143 0.17177036 0.31071427
