7 0.25013158 0.30357143 0.13710526 0.38035715
2 0.38723683 0.30357143 0.13710526 0.38035715
36 0.5243421 0.30357143 0.13710524 0.38035715
15 0.66144735 0.30357143 0.13710529 0.38035715
1 0.7985527 0.30357143 0.13710529 0.38035715
3 0.14186603 0.69196427 0.15741625 0.41383928
1 0.29928228 0.69196427 0.15741625 0.41383928
1 0.45669854 0.69196427 0.15741625 0.41383928
37 0.57476074 0.69196427 0.07870813 0.41383928
4 0.692823 0.69196427 0.1574163 0.41383928
4 0.8502392 0.69196427 0.15741625 0.41383928
