6 0.113858365 0.5090909 0.081562884 0.59090906
0 0.19542125 0.5090909 0.081562884 0.59090906
21 0.27698413 0.5090909 0.081562884 0.59090906
13 0.35854703 0.5090909 0.081562884 0.59090906
36 0.44010988 0.5090909 0.081562884 0.59090906
0 0.5216728 0.5090909 0.081562884 0.59090906
0 0.60323566 0.5090909 0.081562884 0.59090906
5 0.68479854 0.5090909 0.081562884 0.59090906
37 0.7459707 0.5090909 0.040781423 0.59090906
8 0.80714285 0.5090909 0.08156292 0.59090906
4 0.88870573 0.5090909 0.08156285 0.59090906
