5 0.19907895 0.27232143 0.14289474 0.34955359
9 0.34197372 0.27232143 0.14289474 0.34955359
36 0.4848684 0.27232143 0.14289474 0.34955359
28 0.62776315 0.27232143 0.1428947 0.34955359
1 0.7706579 0.27232143 0.1428947 0.34955359
5 0.12966508 0.67321426 0.16196172 0.34017858
9 0.2916268 0.67321426 0.16196172 0.34017858
6 0.45358855 0.67321426 0.16196172 0.34017858
37 0.57505983 0.67321426 0.080980845 0.34017858
9 0.6965311 0.67321426 0.16196169 0.34017858
4 0.8584928 0.67321426 0.16196176 0.34017858
