6 0.24039473 0.28839287 0.13605262 0.37098214
0 0.37644735 0.28839287 0.13605262 0.37098214
36 0.5125 0.28839287 0.13605262 0.37098214
11 0.64855266 0.28839287 0.13605267 0.37098214
5 0.78460526 0.28839287 0.13605267 0.37098214
5 0.1416268 0.68303573 0.15430623 0.37901786
5 0.29593304 0.68303573 0.15430623 0.37901786
7 0.45023924 0.68303573 0.15430623 0.37901786
37 0.5659689 0.68303573 0.077153094 0.37901786
2 0.6816985 0.68303573 0.15430619 0.37901786
3 0.83600473 0.68303573 0.15430619 0.37901786
