6 0.19960526 0.28660715 0.14921051 0.40044641
0 0.34881577 0.28660715 0.14921051 0.40044641
36 0.4980263 0.28660715 0.14921051 0.40044641
12 0.6472369 0.28660715 0.14921056 0.40044641
1 0.79644734 0.28660715 0.14921056 0.40044641
3 0.110047854 0.69910717 0.16220097 0.39776787
5 0.27224883 0.69910717 0.16220097 0.39776787
3 0.43444976 0.69910717 0.16220097 0.39776787
37 0.5561005 0.69910717 0.081100464 0.39776787
3 0.6777512 0.69910717 0.16220093 0.39776787
1 0.8399521 0.69910717 0.16220093 0.39776787
