5 0.24578948 0.31785715 0.12842105 0.31339285
9 0.37421057 0.31785715 0.12842105 0.31339285
36 0.5026316 0.31785715 0.12842105 0.31339285
15 0.6310526 0.31785715 0.12842102 0.31339285
1 0.7594737 0.31785715 0.12842102 0.31339285
3 0.1715311 0.69196427 0.14306219 0.31205356
8 0.3145933 0.69196427 0.14306219 0.31205356
1 0.4576555 0.69196427 0.14306219 0.31205356
37 0.5649522 0.69196427 0.07153112 0.31205356
5 0.67224884 0.69196427 0.14306223 0.31205356
1 0.815311 0.69196427 0.14306223 0.31205356
