5 0.18486843 0.33035713 0.1486842 0.28928572
9 0.33355263 0.33035713 0.1486842 0.28928572
36 0.48223683 0.33035713 0.1486842 0.28928572
22 0.63092107 0.33035713 0.1486842 0.28928572
1 0.77960527 0.33035713 0.1486842 0.28928572
9 0.099521525 0.68303573 0.17272726 0.28794643
7 0.2722488 0.68303573 0.17272726 0.28794643
3 0.4449761 0.68303573 0.17272729 0.28794643
37 0.57452154 0.68303573 0.08636362 0.28794643
7 0.70406693 0.68303573 0.17272724 0.28794643
2 0.8767942 0.68303573 0.17272724 0.28794643
