5 0.20776315 0.25803572 0.14973685 0.38705358
9 0.35750002 0.25803572 0.14973685 0.38705358
36 0.50723684 0.25803572 0.14973687 0.38705358
29 0.6569737 0.25803572 0.14973682 0.38705358
1 0.8067105 0.25803572 0.14973682 0.38705358
0 0.12153109 0.68035716 0.16674641 0.39642859
1 0.2882775 0.68035716 0.16674641 0.39642859
4 0.4550239 0.68035716 0.16674641 0.39642859
37 0.5800837 0.68035716 0.08337322 0.39642859
3 0.7051436 0.68035716 0.16674644 0.39642859
9 0.87189 0.68035716 0.16674644 0.39642859
