5 0.1793421 0.27410713 0.15342106 0.38169643
9 0.33276317 0.27410713 0.15342106 0.38169643
36 0.4861842 0.27410713 0.15342106 0.38169643
17 0.6396052 0.27410713 0.15342101 0.38169643
1 0.7930263 0.27410713 0.15342101 0.38169643
3 0.10729665 0.70357144 0.17511962 0.36964285
3 0.28241628 0.70357144 0.17511962 0.36964285
0 0.45753592 0.70357144 0.17511962 0.36964285
37 0.5888756 0.70357144 0.08755979 0.36964285
4 0.7202153 0.70357144 0.17511958 0.36964285
6 0.8953349 0.70357144 0.17511967 0.36964285
