4 0.21473683 0.34017858 0.14789473 0.34955359
7 0.36263156 0.34017858 0.14789473 0.34955359
36 0.5105263 0.34017858 0.14789473 0.34955359
20 0.6584211 0.34017858 0.14789477 0.34955359
1 0.8063158 0.34017858 0.14789477 0.34955359
0 0.13971291 0.73571426 0.16889952 0.34285715
9 0.30861244 0.73571426 0.16889952 0.34285715
2 0.4775119 0.73571426 0.16889949 0.34285715
37 0.6041866 0.73571426 0.08444977 0.34285715
7 0.73086125 0.73571426 0.16889954 0.34285715
9 0.8997608 0.73571426 0.16889954 0.34285715
