5 0.1893421 0.27767858 0.14973685 0.41383928
9 0.33907896 0.27767858 0.14973685 0.41383928
36 0.48881578 0.27767858 0.14973687 0.41383928
14 0.63855267 0.27767858 0.14973682 0.41383928
1 0.7882894 0.27767858 0.14973682 0.41383928
7 0.12416268 0.70714283 0.17200957 0.42589286
0 0.29617226 0.70714283 0.17200957 0.42589286
5 0.46818182 0.70714283 0.17200956 0.42589286
37 0.597189 0.70714283 0.0860048 0.42589286
3 0.7261962 0.70714283 0.1720096 0.42589286
5 0.8982058 0.70714283 0.1720096 0.42589286
