5 0.24276316 0.33482143 0.14605263 0.33616072
9 0.3888158 0.33482143 0.14605263 0.33616072
36 0.5348684 0.33482143 0.14605263 0.33616072
28 0.6809211 0.33482143 0.14605263 0.33616072
2 0.8269737 0.33482143 0.14605263 0.33616072
1 0.1437799 0.67321426 0.16650718 0.36964285
6 0.3102871 0.67321426 0.16650718 0.36964285
5 0.47679427 0.67321426 0.16650715 0.36964285
37 0.6016746 0.67321426 0.0832536 0.36964285
5 0.72655505 0.67321426 0.16650715 0.36964285
5 0.89306223 0.67321426 0.1665072 0.36964285
