5 0.24276316 0.2705357 0.106578946 0.2825893
0 0.3493421 0.2705357 0.106578946 0.2825893
36 0.45592105 0.2705357 0.106578946 0.2825893
1 0.5625 0.2705357 0.106578946 0.2825893
1 0.66907895 0.2705357 0.106578946 0.2825893
1 0.7756579 0.2705357 0.106578946 0.2825893
7 0.1534689 0.6892857 0.15956938 0.39375
7 0.3130383 0.6892857 0.15956938 0.39375
7 0.47260767 0.6892857 0.15956938 0.39375
37 0.5922847 0.6892857 0.07978468 0.39375
9 0.7119617 0.6892857 0.15956935 0.39375
2 0.871531 0.6892857 0.15956935 0.39375
