5 0.21342105 0.2955357 0.13999999 0.36830357
0 0.35342103 0.2955357 0.13999999 0.36830357
36 0.49342105 0.2955357 0.13999999 0.36830357
23 0.63342106 0.2955357 0.14000003 0.36830357
1 0.77342105 0.2955357 0.14000003 0.36830357
0 0.1479665 0.70446426 0.15645933 0.36026785
7 0.30442584 0.70446426 0.15645933 0.36026785
4 0.46088514 0.70446426 0.15645933 0.36026785
37 0.57822967 0.70446426 0.07822968 0.36026785
2 0.69557416 0.70446426 0.15645936 0.36026785
8 0.8520335 0.70446426 0.15645929 0.36026785
