7 0.21171051 0.27946427 0.14447369 0.37901786
6 0.3561842 0.27946427 0.14447369 0.37901786
36 0.5006579 0.27946427 0.1444737 0.37901786
16 0.6451316 0.27946427 0.14447367 0.37901786
1 0.78960526 0.27946427 0.14447367 0.37901786
1 0.15287082 0.68035716 0.16363637 0.38303572
2 0.3165072 0.68035716 0.16363637 0.38303572
0 0.48014358 0.68035716 0.16363637 0.38303572
37 0.6028708 0.68035716 0.081818186 0.38303572
0 0.72559804 0.68035716 0.16363634 0.38303572
0 0.8892344 0.68035716 0.16363637 0.38303572
