5 0.2231579 0.25892857 0.13578947 0.35892856
9 0.35894737 0.25892857 0.13578947 0.35892856
36 0.49473685 0.25892857 0.13578945 0.35892856
25 0.6305263 0.25892857 0.13578948 0.35892856
2 0.7663158 0.25892857 0.13578948 0.35892856
0 0.16937798 0.67142856 0.14665072 0.34553573
0 0.3160287 0.67142856 0.14665072 0.34553573
2 0.46267942 0.67142856 0.14665073 0.34553573
37 0.5726675 0.67142856 0.07332535 0.34553573
6 0.6826555 0.67142856 0.14665073 0.34553573
3 0.8293062 0.67142856 0.1466507 0.34553573
