5 0.23236842 0.27410713 0.14105263 0.38169643
9 0.37342104 0.27410713 0.14105263 0.38169643
36 0.5144737 0.27410713 0.1410526 0.38169643
20 0.6555263 0.27410713 0.14105265 0.38169643
1 0.796579 0.27410713 0.14105265 0.38169643
6 0.14090909 0.70089287 0.16339713 0.39241073
5 0.30430624 0.70089287 0.16339713 0.39241073
0 0.46770337 0.70089287 0.16339713 0.39241073
37 0.59025115 0.70089287 0.08169857 0.39241073
7 0.7127991 0.70089287 0.16339713 0.39241073
2 0.87619615 0.70089287 0.16339713 0.39241073
