5 0.26657894 0.3544643 0.13052632 0.31473213
9 0.39710525 0.3544643 0.13052632 0.31473213
36 0.5276316 0.3544643 0.13052629 0.31473213
12 0.6581579 0.3544643 0.13052633 0.31473213
7 0.78868425 0.3544643 0.13052633 0.31473213
0 0.16279905 0.72321427 0.1598086 0.35089287
5 0.32260767 0.72321427 0.1598086 0.35089287
8 0.48241624 0.72321427 0.15980864 0.35089287
37 0.60227275 0.72321427 0.079904296 0.35089287
9 0.72212917 0.72321427 0.15980864 0.35089287
9 0.88193774 0.72321427 0.15980859 0.35089287
