5 0.22657894 0.27142859 0.13999999 0.35357141
9 0.3665789 0.27142859 0.13999999 0.35357141
36 0.5065789 0.27142859 0.13999999 0.35357141
22 0.64657897 0.27142859 0.14000003 0.35357141
1 0.78657895 0.27142859 0.14000003 0.35357141
4 0.15191387 0.68035716 0.1590909 0.35089287
3 0.3110048 0.68035716 0.1590909 0.35089287
7 0.47009566 0.68035716 0.1590909 0.35089287
37 0.5894139 0.68035716 0.079545476 0.35089287
0 0.70873207 0.68035716 0.15909095 0.35089287
0 0.867823 0.68035716 0.15909086 0.35089287
