6 0.22723684 0.24017857 0.1386842 0.36026785
7 0.36592102 0.24017857 0.1386842 0.36026785
36 0.50460523 0.24017857 0.1386842 0.36026785
14 0.6432895 0.24017857 0.13868424 0.36026785
1 0.78197366 0.24017857 0.13868424 0.36026785
0 0.1479665 0.67321426 0.15382774 0.34285715
6 0.30179426 0.67321426 0.15382774 0.34285715
6 0.455622 0.67321426 0.15382774 0.34285715
37 0.5709928 0.67321426 0.07691389 0.34285715
6 0.68636364 0.67321426 0.15382779 0.34285715
1 0.8401914 0.67321426 0.15382771 0.34285715
