5 0.22105263 0.25803572 0.13421053 0.34419644
9 0.35526314 0.25803572 0.13421053 0.34419644
36 0.48947367 0.25803572 0.13421053 0.34419644
14 0.6236842 0.25803572 0.13421053 0.34419644
1 0.75789475 0.25803572 0.13421053 0.34419644
6 0.1416268 0.66964287 0.15430623 0.34553573
5 0.29593304 0.66964287 0.15430623 0.34553573
6 0.45023924 0.66964287 0.15430623 0.34553573
37 0.5659689 0.66964287 0.077153094 0.34553573
5 0.6816985 0.66964287 0.15430619 0.34553573
3 0.83600473 0.66964287 0.15430619 0.34553573
