5 0.21855263 0.25803572 0.14236842 0.37098214
9 0.36092103 0.25803572 0.14236842 0.37098214
36 0.50328946 0.25803572 0.14236839 0.37098214
14 0.6456579 0.25803572 0.14236844 0.37098214
1 0.78802633 0.25803572 0.14236844 0.37098214
5 0.14246412 0.68392855 0.16124402 0.37232143
8 0.30370814 0.68392855 0.16124402 0.37232143
2 0.46495217 0.68392855 0.161244 0.37232143
37 0.58588517 0.68392855 0.08062202 0.37232143
8 0.70681816 0.68392855 0.161244 0.37232143
4 0.86806226 0.68392855 0.16124403 0.37232143
