4 0.21605262 0.28214285 0.13736841 0.31607142
9 0.35342103 0.28214285 0.13736841 0.31607142
36 0.49078947 0.28214285 0.13736841 0.31607142
20 0.6281579 0.28214285 0.13736846 0.31607142
1 0.7655263 0.28214285 0.13736846 0.31607142
3 0.12392345 0.66071427 0.15574165 0.31071427
8 0.27966508 0.66071427 0.15574165 0.31071427
8 0.43540674 0.66071427 0.15574165 0.31071427
37 0.55221295 0.66071427 0.07787082 0.31071427
8 0.6690191 0.66071427 0.1557416 0.31071427
6 0.82476074 0.66071427 0.15574165 0.31071427
