6 0.23381579 0.28482142 0.14131579 0.36830357
0 0.37513155 0.28482142 0.14131579 0.36830357
36 0.51644737 0.28482142 0.14131579 0.36830357
11 0.6577632 0.28482142 0.14131582 0.36830357
6 0.79907894 0.28482142 0.14131582 0.36830357
2 0.14055023 0.6973214 0.16004783 0.38169643
8 0.30059806 0.6973214 0.16004783 0.38169643
0 0.46064588 0.6973214 0.16004783 0.38169643
37 0.5806818 0.6973214 0.080023915 0.38169643
3 0.70071775 0.6973214 0.16004787 0.38169643
2 0.8607656 0.6973214 0.16004783 0.38169643
