2 0.17328946 0.32857144 0.16499999 0.3642857
9 0.33828944 0.32857144 0.16499999 0.3642857
36 0.50328946 0.32857144 0.16499999 0.3642857
12 0.6682895 0.32857144 0.16500004 0.3642857
1 0.83328944 0.32857144 0.16500004 0.3642857
2 0.1027512 0.71517855 0.17918661 0.37901786
0 0.2819378 0.71517855 0.17918661 0.37901786
9 0.46112442 0.71517855 0.17918661 0.37901786
37 0.5955144 0.71517855 0.089593306 0.37901786
0 0.72990435 0.71517855 0.17918666 0.37901786
2 0.90909106 0.71517855 0.17918661 0.37901786
