6 0.21026316 0.2669643 0.13894738 0.40044641
1 0.34921056 0.2669643 0.13894738 0.40044641
36 0.4881579 0.2669643 0.13894738 0.40044641
13 0.62710524 0.2669643 0.13894734 0.40044641
1 0.76605266 0.2669643 0.13894734 0.40044641
0 0.16495214 0.69285715 0.14832535 0.35089287
7 0.31327748 0.69285715 0.14832535 0.35089287
9 0.46160287 0.69285715 0.14832535 0.35089287
37 0.5728469 0.69285715 0.07416269 0.35089287
1 0.684091 0.69285715 0.14832538 0.35089287
1 0.83241624 0.69285715 0.14832538 0.35089287
