5 0.21342105 0.26160714 0.13999999 0.35223213
9 0.35342103 0.26160714 0.13999999 0.35223213
36 0.49342105 0.26160714 0.13999999 0.35223213
29 0.63342106 0.26160714 0.14000003 0.35223213
1 0.77342105 0.26160714 0.14000003 0.35223213
8 0.11519139 0.6642857 0.16196172 0.35892856
0 0.2771531 0.6642857 0.16196172 0.35892856
7 0.43911487 0.6642857 0.16196172 0.35892856
37 0.56058615 0.6642857 0.080980845 0.35892856
8 0.68205744 0.6642857 0.16196169 0.35892856
2 0.8440191 0.6642857 0.16196176 0.35892856
