5 0.23171054 0.26517856 0.13710526 0.34151787
9 0.36881578 0.26517856 0.13710526 0.34151787
36 0.50592107 0.26517856 0.13710524 0.34151787
12 0.6430263 0.26517856 0.13710529 0.34151787
1 0.78013164 0.26517856 0.13710529 0.34151787
3 0.14832535 0.66964287 0.16507177 0.38303572
9 0.31339714 0.66964287 0.16507177 0.38303572
1 0.4784689 0.66964287 0.16507179 0.38303572
37 0.60227275 0.66964287 0.08253588 0.38303572
1 0.72607654 0.66964287 0.16507179 0.38303572
3 0.89114827 0.66964287 0.16507176 0.38303572
