5 0.22578949 0.27232143 0.13578947 0.36026785
9 0.36157894 0.27232143 0.13578947 0.36026785
36 0.49736843 0.27232143 0.13578945 0.36026785
28 0.63315785 0.27232143 0.13578948 0.36026785
2 0.7689474 0.27232143 0.13578948 0.36026785
3 0.15311004 0.69196427 0.15095693 0.36294642
2 0.30406696 0.69196427 0.15095693 0.36294642
9 0.4550239 0.69196427 0.15095693 0.36294642
37 0.56824166 0.69196427 0.07547849 0.36294642
2 0.68145937 0.69196427 0.15095697 0.36294642
8 0.83241636 0.69196427 0.15095697 0.36294642
