5 0.20013158 0.3017857 0.14236842 0.35892856
9 0.34249997 0.3017857 0.14236842 0.35892856
36 0.4848684 0.3017857 0.14236839 0.35892856
25 0.62723684 0.3017857 0.14236844 0.35892856
1 0.7696053 0.3017857 0.14236844 0.35892856
8 0.12523924 0.71160716 0.16363637 0.35223213
5 0.2888756 0.71160716 0.16363637 0.35223213
7 0.452512 0.71160716 0.16363637 0.35223213
37 0.57523924 0.71160716 0.081818186 0.35223213
0 0.69796646 0.71160716 0.16363634 0.35223213
0 0.86160284 0.71160716 0.16363637 0.35223213
