5 0.12887669 0.4848485 0.07826618 0.53636366
0 0.20714287 0.4848485 0.07826618 0.53636366
21 0.28540903 0.4848485 0.07826618 0.53636366
13 0.3636752 0.4848485 0.078266166 0.53636366
36 0.4419414 0.4848485 0.078266166 0.53636366
0 0.5202076 0.4848485 0.078266166 0.53636366
4 0.5984737 0.4848485 0.078266166 0.53636366
4 0.6767399 0.4848485 0.078266166 0.53636366
37 0.73543954 0.4848485 0.039133083 0.53636366
1 0.79413915 0.4848485 0.078266166 0.53636366
1 0.8724053 0.4848485 0.078266166 0.53636366
