5 0.26592106 0.33571428 0.1476316 0.30535713
9 0.41355264 0.33571428 0.1476316 0.30535713
36 0.5611842 0.33571428 0.14763156 0.30535713
15 0.70881575 0.33571428 0.1476316 0.30535713
1 0.8564474 0.33571428 0.1476316 0.30535713
0 0.19126794 0.70267856 0.16148324 0.30669641
3 0.35275117 0.70267856 0.16148324 0.30669641
0 0.5142344 0.70267856 0.16148324 0.30669641
37 0.6353469 0.70267856 0.080741644 0.30669641
5 0.75645936 0.70267856 0.16148329 0.30669641
5 0.91794264 0.70267856 0.16148329 0.30669641
