5 0.24723683 0.33839285 0.14973685 0.31205356
9 0.3969737 0.33839285 0.14973685 0.31205356
36 0.54671055 0.33839285 0.14973687 0.31205356
33 0.69644743 0.33839285 0.14973682 0.31205356
2 0.8461842 0.33839285 0.14973682 0.31205356
9 0.15322967 0.69285715 0.16435406 0.28392857
6 0.31758374 0.69285715 0.16435406 0.28392857
5 0.48193777 0.69285715 0.16435406 0.28392857
37 0.60520333 0.69285715 0.08217705 0.28392857
5 0.7284689 0.69285715 0.1643541 0.28392857
3 0.892823 0.69285715 0.16435403 0.28392857
