8 0.26855263 0.32767856 0.12394737 0.30669641
6 0.39249998 0.32767856 0.12394737 0.30669641
36 0.51644737 0.32767856 0.123947345 0.30669641
12 0.6403947 0.32767856 0.12394738 0.30669641
1 0.7643421 0.32767856 0.12394738 0.30669641
0 0.18552631 0.70535713 0.14210527 0.31071427
7 0.3276316 0.70535713 0.14210527 0.31071427
2 0.46973684 0.70535713 0.14210527 0.31071427
37 0.57631576 0.70535713 0.07105263 0.31071427
6 0.68289477 0.70535713 0.14210527 0.31071427
1 0.825 0.70535713 0.14210527 0.31071427
