5 0.23157895 0.31339285 0.15526316 0.32008928
9 0.3868421 0.31339285 0.15526316 0.32008928
36 0.54210526 0.31339285 0.15526316 0.32008928
33 0.69736844 0.31339285 0.15526316 0.32008928
2 0.85263157 0.31339285 0.15526316 0.32008928
3 0.12691388 0.69285715 0.1722488 0.32142857
5 0.2991627 0.69285715 0.1722488 0.32142857
4 0.47141147 0.69285715 0.1722488 0.32142857
37 0.60059804 0.69285715 0.08612442 0.32142857
7 0.72978467 0.69285715 0.17224884 0.32142857
9 0.9020335 0.69285715 0.17224877 0.32142857
