5 0.22118422 0.33035713 0.14763157 0.30267859
9 0.36881578 0.33035713 0.14763157 0.30267859
36 0.51644737 0.33035713 0.14763156 0.30267859
21 0.66407895 0.33035713 0.1476316 0.30267859
1 0.81171054 0.33035713 0.1476316 0.30267859
1 0.14509569 0.70267856 0.16913876 0.29330358
6 0.31423444 0.70267856 0.16913876 0.29330358
3 0.48337322 0.70267856 0.16913874 0.29330358
37 0.6102272 0.70267856 0.08456939 0.29330358
9 0.73708135 0.70267856 0.16913874 0.29330358
2 0.90622014 0.70267856 0.16913877 0.29330358
