5 0.23302633 0.34464285 0.13710526 0.31339285
9 0.37013155 0.34464285 0.13710526 0.31339285
36 0.50723684 0.34464285 0.13710524 0.31339285
30 0.64434206 0.34464285 0.13710529 0.31339285
1 0.7814474 0.34464285 0.13710529 0.31339285
3 0.15729666 0.71428573 0.15669857 0.31339285
9 0.3139952 0.71428573 0.15669857 0.31339285
6 0.4706938 0.71428573 0.15669857 0.31339285
37 0.58821774 0.71428573 0.07834926 0.31339285
1 0.70574164 0.71428573 0.15669852 0.31339285
9 0.86244017 0.71428573 0.15669861 0.31339285
