5 0.19960526 0.33035713 0.14657894 0.36160713
9 0.34618416 0.33035713 0.14657894 0.36160713
36 0.49276316 0.33035713 0.14657894 0.36160713
17 0.6393421 0.33035713 0.14657898 0.36160713
1 0.78592104 0.33035713 0.14657898 0.36160713
4 0.11279904 0.73660713 0.16770335 0.32276785
0 0.2805024 0.73660713 0.16770335 0.32276785
6 0.44820574 0.73660713 0.16770336 0.32276785
37 0.5739833 0.73660713 0.083851665 0.32276785
3 0.69976074 0.73660713 0.16770336 0.32276785
9 0.86746407 0.73660713 0.16770333 0.32276785
