6 0.22960526 0.30714285 0.14342105 0.31071427
8 0.3730263 0.30714285 0.14342105 0.31071427
36 0.51644737 0.30714285 0.14342105 0.31071427
33 0.6598684 0.30714285 0.14342105 0.31071427
1 0.8032895 0.30714285 0.14342105 0.31071427
2 0.1361244 0.69107145 0.16961722 0.31071427
1 0.3057416 0.69107145 0.16961722 0.31071427
0 0.4753588 0.69107145 0.16961722 0.31071427
37 0.6025717 0.69107145 0.08480863 0.31071427
0 0.72978467 0.69107145 0.16961727 0.31071427
2 0.89940196 0.69107145 0.16961718 0.31071427
