5 0.23789474 0.32767856 0.14157896 0.28526786
9 0.37947372 0.32767856 0.14157896 0.28526786
36 0.52105266 0.32767856 0.14157896 0.28526786
28 0.6626316 0.32767856 0.14157891 0.28526786
2 0.80421054 0.32767856 0.14157891 0.28526786
4 0.15466507 0.69910717 0.15933014 0.32008928
1 0.3139952 0.69910717 0.15933014 0.32008928
7 0.4733254 0.69910717 0.15933014 0.32008928
37 0.59282297 0.69910717 0.07966505 0.32008928
3 0.71232057 0.69910717 0.1593301 0.32008928
7 0.8716507 0.69910717 0.15933019 0.32008928
