5 0.19960526 0.35892856 0.1386842 0.28392857
9 0.33828944 0.35892856 0.1386842 0.28392857
36 0.47697368 0.35892856 0.1386842 0.28392857
8 0.6156579 0.35892856 0.13868424 0.28392857
1 0.7543421 0.35892856 0.13868424 0.28392857
3 0.13468899 0.69107145 0.16411482 0.33214286
8 0.2988038 0.69107145 0.16411482 0.33214286
5 0.46291864 0.69107145 0.16411482 0.33214286
37 0.5860048 0.69107145 0.08205743 0.33214286
5 0.70909095 0.69107145 0.16411486 0.33214286
9 0.8732058 0.69107145 0.16411486 0.33214286
