5 0.22592105 0.31785715 0.14394736 0.28928572
9 0.3698684 0.31785715 0.14394736 0.28928572
36 0.51381576 0.31785715 0.14394736 0.28928572
20 0.6577632 0.31785715 0.14394741 0.28928572
1 0.8017105 0.31785715 0.14394741 0.28928572
6 0.13456938 0.68303573 0.16650718 0.29866073
2 0.30107656 0.68303573 0.16650718 0.29866073
4 0.46758375 0.68303573 0.16650715 0.29866073
37 0.5924641 0.68303573 0.0832536 0.29866073
0 0.7173445 0.68303573 0.16650715 0.29866073
4 0.8838517 0.68303573 0.1665072 0.29866073
