5 0.21460527 0.32857144 0.15815789 0.39107144
9 0.37276313 0.32857144 0.15815789 0.39107144
36 0.53092104 0.32857144 0.15815787 0.39107144
28 0.68907887 0.32857144 0.15815791 0.39107144
2 0.8472369 0.32857144 0.15815791 0.39107144
5 0.114832535 0.7089286 0.17177033 0.37767857
4 0.28660285 0.7089286 0.17177033 0.37767857
4 0.45837322 0.7089286 0.17177032 0.37767857
37 0.58720094 0.7089286 0.08588518 0.37767857
5 0.7160287 0.7089286 0.17177032 0.37767857
5 0.8877991 0.7089286 0.17177036 0.37767857
