7 0.21802631 0.33392859 0.14921051 0.30535713
0 0.36723682 0.33392859 0.14921051 0.30535713
36 0.51644737 0.33392859 0.14921051 0.30535713
21 0.66565794 0.33392859 0.14921056 0.30535713
1 0.8148684 0.33392859 0.14921056 0.30535713
3 0.14988038 0.70267856 0.16555023 0.2825893
7 0.3154306 0.70267856 0.16555023 0.2825893
0 0.48098084 0.70267856 0.16555023 0.2825893
37 0.6051436 0.70267856 0.082775116 0.2825893
9 0.72930616 0.70267856 0.16555023 0.2825893
6 0.8948565 0.70267856 0.16555023 0.2825893
