7 0.22947368 0.34017858 0.14842106 0.27723214
1 0.37789476 0.34017858 0.14842106 0.27723214
36 0.5263158 0.34017858 0.14842108 0.27723214
12 0.6747369 0.34017858 0.14842103 0.27723214
2 0.82315785 0.34017858 0.14842103 0.27723214
3 0.11160287 0.6892857 0.17583732 0.32410714
6 0.2874402 0.6892857 0.17583732 0.32410714
4 0.46327755 0.6892857 0.17583735 0.32410714
37 0.59515554 0.6892857 0.087918654 0.32410714
2 0.7270335 0.6892857 0.17583731 0.32410714
3 0.90287083 0.6892857 0.17583731 0.32410714
