5 0.0498779 0.54242426 0.0946276 0.50454545
0 0.1445055 0.54242426 0.0946276 0.50454545
21 0.23913307 0.54242426 0.0946276 0.50454545
13 0.3337607 0.54242426 0.0946276 0.50454545
36 0.42838827 0.54242426 0.094627574 0.50454545
0 0.52301586 0.54242426 0.094627574 0.50454545
4 0.6176434 0.54242426 0.094627574 0.50454545
4 0.71227103 0.54242426 0.094627574 0.50454545
37 0.7832417 0.54242426 0.047313828 0.50454545
1 0.85421234 0.54242426 0.094627574 0.50454545
1 0.94884 0.54242426 0.094627574 0.50454545
