5 0.1035409 0.53939396 0.08400489 0.48181817
0 0.18754579 0.53939396 0.08400489 0.48181817
21 0.2715507 0.53939396 0.084004894 0.48181817
13 0.35555556 0.53939396 0.08400488 0.48181817
36 0.43956044 0.53939396 0.08400488 0.48181817
0 0.5235653 0.53939396 0.08400488 0.48181817
4 0.6075702 0.53939396 0.08400488 0.48181817
4 0.6915751 0.53939396 0.084004916 0.48181817
37 0.7545787 0.53939396 0.04200244 0.48181817
1 0.8175824 0.53939396 0.08400488 0.48181817
1 0.9015873 0.53939396 0.08400488 0.48181817
