5 0.23105264 0.30714285 0.13052632 0.31071427
9 0.36157894 0.30714285 0.13052632 0.31071427
36 0.49210528 0.30714285 0.13052629 0.31071427
11 0.62263155 0.30714285 0.13052633 0.31071427
1 0.7531579 0.30714285 0.13052633 0.31071427
3 0.17380384 0.6660714 0.15023924 0.29464287
4 0.32404307 0.6660714 0.15023924 0.29464287
6 0.47428232 0.6660714 0.15023924 0.29464287
37 0.5869617 0.6660714 0.07511962 0.29464287
8 0.69964117 0.6660714 0.15023924 0.29464287
2 0.84988034 0.6660714 0.15023924 0.29464287
