5 0.19184211 0.33392859 0.1468421 0.27321428
9 0.33868423 0.33392859 0.1468421 0.27321428
36 0.48552632 0.33392859 0.1468421 0.27321428
15 0.6323684 0.33392859 0.14684208 0.27321428
1 0.77921057 0.33392859 0.14684208 0.27321428
3 0.114473686 0.6767857 0.16578947 0.27589285
8 0.28026316 0.6767857 0.16578947 0.27589285
1 0.44605264 0.6767857 0.16578947 0.27589285
37 0.57039475 0.6767857 0.082894735 0.27589285
5 0.69473684 0.6767857 0.16578947 0.27589285
1 0.8605263 0.6767857 0.16578947 0.27589285
