5 0.22907895 0.2705357 0.13973683 0.35223213
9 0.36881578 0.2705357 0.13973683 0.35223213
36 0.5085526 0.2705357 0.13973682 0.35223213
33 0.64828944 0.2705357 0.13973686 0.35223213
1 0.78802633 0.2705357 0.13973686 0.35223213
4 0.16267943 0.68303573 0.15956938 0.33348215
9 0.32224882 0.68303573 0.15956938 0.33348215
3 0.4818182 0.68303573 0.15956938 0.33348215
37 0.6014952 0.68303573 0.07978468 0.33348215
6 0.7211722 0.68303573 0.15956935 0.33348215
9 0.88074154 0.68303573 0.15956935 0.33348215
