5 0.21736842 0.30089286 0.13210526 0.29330358
9 0.34947366 0.30089286 0.13210526 0.29330358
36 0.48157895 0.30089286 0.13210526 0.29330358
35 0.61368424 0.30089286 0.13210529 0.29330358
1 0.74578947 0.30089286 0.13210529 0.29330358
2 0.14126794 0.66160715 0.15622008 0.31205356
7 0.29748803 0.66160715 0.15622008 0.31205356
2 0.4537081 0.66160715 0.15622008 0.31205356
37 0.5708732 0.66160715 0.07811006 0.31205356
7 0.6880383 0.66160715 0.15622012 0.31205356
5 0.8442584 0.66160715 0.15622012 0.31205356
