6 0.23907894 0.30267859 0.13342105 0.3388393
0 0.37249997 0.30267859 0.13342105 0.3388393
36 0.50592107 0.30267859 0.13342105 0.3388393
11 0.6393421 0.30267859 0.13342108 0.3388393
3 0.77276313 0.30267859 0.13342108 0.3388393
3 0.17404307 0.70357144 0.15334928 0.34553573
7 0.32739234 0.70357144 0.15334928 0.34553573
8 0.48074165 0.70357144 0.15334927 0.34553573
37 0.59575355 0.70357144 0.076674655 0.34553573
4 0.71076554 0.70357144 0.15334927 0.34553573
6 0.8641149 0.70357144 0.15334931 0.34553573
