5 0.22078948 0.32410714 0.14421053 0.3174107
9 0.36500004 0.32410714 0.14421053 0.3174107
36 0.5092105 0.32410714 0.14421053 0.3174107
17 0.65342104 0.32410714 0.14421049 0.3174107
1 0.7976316 0.32410714 0.14421049 0.3174107
5 0.16339713 0.69285715 0.16626796 0.31071427
4 0.3296651 0.69285715 0.16626796 0.31071427
9 0.49593306 0.69285715 0.16626796 0.31071427
37 0.62063396 0.69285715 0.08313398 0.31071427
8 0.7453349 0.69285715 0.16626792 0.31071427
6 0.91160285 0.69285715 0.16626796 0.31071427
