5 0.20263158 0.28839287 0.14473684 0.39776787
9 0.34736842 0.28839287 0.14473684 0.39776787
36 0.49210528 0.28839287 0.14473684 0.39776787
33 0.63684213 0.28839287 0.14473684 0.39776787
2 0.78157896 0.28839287 0.14473684 0.39776787
5 0.13732056 0.6785714 0.16148324 0.40982142
5 0.2988038 0.6785714 0.16148324 0.40982142
1 0.46028706 0.6785714 0.16148324 0.40982142
37 0.58139956 0.6785714 0.080741644 0.40982142
5 0.702512 0.6785714 0.16148329 0.40982142
0 0.86399525 0.6785714 0.16148329 0.40982142
