5 0.22236842 0.29732144 0.13157895 0.32276785
9 0.35394737 0.29732144 0.13157895 0.32276785
36 0.48552632 0.29732144 0.13157895 0.32276785
15 0.61710525 0.29732144 0.13157895 0.32276785
1 0.7486842 0.29732144 0.13157895 0.32276785
7 0.14916268 0.67232144 0.14832535 0.3174107
0 0.29748803 0.67232144 0.14832535 0.3174107
4 0.4458134 0.67232144 0.14832535 0.3174107
37 0.55705744 0.67232144 0.07416269 0.3174107
2 0.66830146 0.67232144 0.14832538 0.3174107
4 0.8166268 0.67232144 0.14832538 0.3174107
