5 0.23671052 0.31785715 0.1313158 0.30535713
9 0.36802635 0.31785715 0.1313158 0.30535713
36 0.4993421 0.31785715 0.13131581 0.30535713
30 0.6306579 0.31785715 0.13131577 0.30535713
1 0.7619737 0.31785715 0.13131577 0.30535713
3 0.1590909 0.66339284 0.14976075 0.29598215
9 0.30885166 0.66339284 0.14976075 0.29598215
6 0.4586124 0.66339284 0.14976075 0.29598215
37 0.57093304 0.66339284 0.07488038 0.29598215
1 0.6832536 0.66339284 0.14976075 0.29598215
9 0.83301437 0.66339284 0.14976075 0.29598215
