5 0.2363158 0.28839287 0.13052632 0.32544643
9 0.3668421 0.28839287 0.13052632 0.32544643
36 0.49736843 0.28839287 0.13052629 0.32544643
16 0.6278947 0.28839287 0.13052633 0.32544643
1 0.75842106 0.28839287 0.13052633 0.32544643
8 0.1555024 0.67410713 0.15047848 0.31473213
6 0.3059809 0.67410713 0.15047848 0.31473213
8 0.45645937 0.67410713 0.15047848 0.31473213
37 0.5693182 0.67410713 0.07523924 0.31473213
9 0.682177 0.67410713 0.15047844 0.31473213
5 0.8326555 0.67410713 0.15047848 0.31473213
