5 0.21960525 0.27857143 0.13657895 0.35357141
9 0.3561842 0.27857143 0.13657895 0.35357141
36 0.49276316 0.27857143 0.13657898 0.35357141
11 0.62934214 0.27857143 0.13657893 0.35357141
1 0.765921 0.27857143 0.13657893 0.35357141
3 0.1625598 0.67142856 0.15933014 0.36964285
8 0.32188997 0.67142856 0.15933014 0.36964285
5 0.48122013 0.67142856 0.15933014 0.36964285
37 0.6007177 0.67142856 0.07966505 0.36964285
5 0.7202153 0.67142856 0.1593301 0.36964285
9 0.87954545 0.67142856 0.15933019 0.36964285
