5 0.21776316 0.29910713 0.13552631 0.30401787
9 0.35328948 0.29910713 0.13552631 0.30401787
36 0.48881578 0.29910713 0.13552631 0.30401787
13 0.6243421 0.29910713 0.13552631 0.30401787
1 0.75986844 0.29910713 0.13552631 0.30401787
5 0.13815789 0.67589283 0.15789473 0.28794643
0 0.29605263 0.67589283 0.15789473 0.28794643
2 0.45394737 0.67589283 0.15789473 0.28794643
37 0.57236844 0.67589283 0.078947365 0.28794643
1 0.69078946 0.67589283 0.15789473 0.28794643
6 0.8486842 0.67589283 0.15789473 0.28794643
