5 0.20013158 0.32589287 0.15026316 0.28794643
9 0.35039473 0.32589287 0.15026316 0.28794643
36 0.5006579 0.32589287 0.15026313 0.28794643
17 0.65092105 0.32589287 0.15026318 0.28794643
1 0.80118424 0.32589287 0.15026318 0.28794643
1 0.122488044 0.68035716 0.17392345 0.30535713
9 0.29641148 0.68035716 0.17392345 0.30535713
3 0.47033495 0.68035716 0.17392345 0.30535713
37 0.60077757 0.68035716 0.086961724 0.30535713
7 0.7312201 0.68035716 0.17392349 0.30535713
4 0.9051437 0.68035716 0.17392345 0.30535713
