5 0.103479855 0.47878787 0.081318684 0.46363637
0 0.18479852 0.47878787 0.081318684 0.46363637
21 0.26611724 0.47878787 0.081318684 0.46363637
13 0.3474359 0.47878787 0.08131866 0.46363637
36 0.4287546 0.47878787 0.08131866 0.46363637
0 0.51007324 0.47878787 0.08131866 0.46363637
4 0.5913919 0.47878787 0.08131866 0.46363637
4 0.67271054 0.47878787 0.08131866 0.46363637
37 0.73369956 0.47878787 0.040659353 0.46363637
1 0.7946886 0.47878787 0.081318706 0.46363637
1 0.8760073 0.47878787 0.081318706 0.46363637
