5 0.12704517 0.46363637 0.082295485 0.50454545
0 0.20934065 0.46363637 0.082295485 0.50454545
21 0.29163614 0.46363637 0.08229546 0.50454545
13 0.37393162 0.46363637 0.0822955 0.50454545
36 0.45622712 0.46363637 0.0822955 0.50454545
0 0.5385226 0.46363637 0.0822955 0.50454545
4 0.62081814 0.46363637 0.0822955 0.50454545
4 0.70311356 0.46363637 0.0822955 0.50454545
37 0.76483524 0.46363637 0.041147713 0.50454545
1 0.82655686 0.46363637 0.0822955 0.50454545
1 0.9088523 0.46363637 0.0822955 0.50454545
