7 0.20907894 0.28660715 0.14184211 0.35223213
9 0.35092106 0.28660715 0.14184211 0.35223213
36 0.49276316 0.28660715 0.14184213 0.35223213
17 0.6346053 0.28660715 0.14184208 0.35223213
1 0.77644736 0.28660715 0.14184208 0.35223213
2 0.117344506 0.68392855 0.16363637 0.35357141
0 0.28098089 0.68392855 0.16363637 0.35357141
0 0.44461727 0.68392855 0.16363637 0.35357141
37 0.5673445 0.68392855 0.081818186 0.35357141
2 0.69007176 0.68392855 0.16363634 0.35357141
3 0.85370815 0.68392855 0.16363637 0.35357141
