5 0.2593421 0.30535713 0.12921052 0.39642859
9 0.3885526 0.30535713 0.12921052 0.39642859
36 0.51776314 0.30535713 0.1292105 0.39642859
28 0.64697367 0.30535713 0.12921055 0.39642859
1 0.77618426 0.30535713 0.12921055 0.39642859
1 0.19354068 0.70089287 0.13971293 0.36830357
0 0.3332536 0.70089287 0.13971293 0.36830357
3 0.47296652 0.70089287 0.13971293 0.36830357
37 0.57775116 0.70089287 0.069856465 0.36830357
9 0.6825359 0.70089287 0.13971293 0.36830357
3 0.82224876 0.70089287 0.13971293 0.36830357
