6 0.19447368 0.27589285 0.15473685 0.36294642
0 0.34921056 0.27589285 0.15473685 0.36294642
36 0.5039474 0.27589285 0.15473685 0.36294642
11 0.6586842 0.27589285 0.15473682 0.36294642
3 0.8134211 0.27589285 0.15473682 0.36294642
2 0.11758374 0.67410713 0.17464116 0.35758927
5 0.29222488 0.67410713 0.17464116 0.35758927
2 0.46686602 0.67410713 0.17464113 0.35758927
37 0.5978469 0.67410713 0.08732059 0.35758927
2 0.7288278 0.67410713 0.17464118 0.35758927
0 0.90346897 0.67410713 0.17464118 0.35758927
