5 0.19407895 0.28839287 0.14605263 0.32276785
9 0.34013158 0.28839287 0.14605263 0.32276785
36 0.4861842 0.28839287 0.14605263 0.32276785
16 0.63223684 0.28839287 0.14605263 0.32276785
1 0.7782895 0.28839287 0.14605263 0.32276785
3 0.11746412 0.67589283 0.1638756 0.32276785
3 0.2813397 0.67589283 0.1638756 0.32276785
6 0.4452153 0.67589283 0.16387558 0.32276785
37 0.56812197 0.67589283 0.08193781 0.32276785
7 0.6910287 0.67589283 0.16387558 0.32276785
1 0.85490435 0.67589283 0.16387562 0.32276785
