5 0.1738158 0.25267857 0.15026316 0.37901786
9 0.32407892 0.25267857 0.15026316 0.37901786
36 0.4743421 0.25267857 0.15026313 0.37901786
31 0.62460524 0.25267857 0.15026318 0.37901786
1 0.7748684 0.25267857 0.15026318 0.37901786
5 0.090789475 0.67321426 0.18157895 0.44732141
9 0.27236843 0.67321426 0.18157895 0.44732141
7 0.45394737 0.67321426 0.18157895 0.44732141
37 0.5901316 0.67321426 0.090789475 0.44732141
1 0.7263158 0.67321426 0.18157895 0.44732141
6 0.90789473 0.67321426 0.18157895 0.44732141
