4 0.22710527 0.25982141 0.14368421 0.38973215
8 0.37078947 0.25982141 0.14368421 0.38973215
36 0.5144737 0.25982141 0.1436842 0.38973215
11 0.6581579 0.25982141 0.14368422 0.38973215
1 0.80184215 0.25982141 0.14368422 0.38973215
2 0.15263158 0.69464284 0.16052632 0.37767857
8 0.3131579 0.69464284 0.16052632 0.37767857
8 0.47368422 0.69464284 0.16052632 0.37767857
37 0.59407896 0.69464284 0.08026316 0.37767857
0 0.71447366 0.69464284 0.16052632 0.37767857
7 0.875 0.69464284 0.16052632 0.37767857
