5 0.22907895 0.28214285 0.13973683 0.39910713
9 0.36881578 0.28214285 0.13973683 0.39910713
36 0.5085526 0.28214285 0.13973682 0.39910713
17 0.64828944 0.28214285 0.13973686 0.39910713
1 0.78802633 0.28214285 0.13973686 0.39910713
5 0.13241628 0.69107145 0.16220097 0.42589286
9 0.29461724 0.69107145 0.16220097 0.42589286
3 0.4568182 0.69107145 0.16220097 0.42589286
37 0.57846886 0.69107145 0.081100464 0.42589286
2 0.70011955 0.69107145 0.16220093 0.42589286
4 0.8623205 0.69107145 0.16220093 0.42589286
