5 0.21921054 0.29017857 0.14105263 0.3736607
9 0.36026314 0.29017857 0.14105263 0.3736607
36 0.5013158 0.29017857 0.1410526 0.3736607
22 0.6423684 0.29017857 0.14105265 0.3736607
1 0.7834211 0.29017857 0.14105265 0.3736607
9 0.13564594 0.70446426 0.16602871 0.40580356
7 0.30167466 0.70446426 0.16602871 0.40580356
5 0.46770337 0.70446426 0.16602871 0.40580356
37 0.59222484 0.70446426 0.083014354 0.40580356
8 0.71674645 0.70446426 0.16602871 0.40580356
2 0.88277507 0.70446426 0.16602871 0.40580356
