5 0.2393421 0.28660715 0.1313158 0.32008928
9 0.37065792 0.28660715 0.1313158 0.32008928
36 0.5019737 0.28660715 0.13131581 0.32008928
22 0.6332895 0.28660715 0.13131577 0.32008928
1 0.7646052 0.28660715 0.13131577 0.32008928
6 0.16877991 0.65089285 0.14545454 0.29598215
0 0.31423444 0.65089285 0.14545454 0.29598215
0 0.45968902 0.65089285 0.14545453 0.29598215
37 0.5687799 0.65089285 0.072727285 0.29598215
7 0.6778708 0.65089285 0.14545453 0.29598215
7 0.8233254 0.65089285 0.14545457 0.29598215
