5 0.2319737 0.27767858 0.12973686 0.34151787
9 0.36171055 0.27767858 0.12973686 0.34151787
36 0.49144736 0.27767858 0.12973686 0.34151787
1 0.6211842 0.27767858 0.12973681 0.34151787
1 0.7509211 0.27767858 0.12973681 0.34151787
5 0.15047847 0.66160715 0.14832535 0.34151787
2 0.2988038 0.66160715 0.14832535 0.34151787
8 0.4471292 0.66160715 0.14832535 0.34151787
37 0.5583732 0.66160715 0.07416269 0.34151787
5 0.66961724 0.66160715 0.14832538 0.34151787
0 0.81794256 0.66160715 0.14832538 0.34151787
