5 0.22421052 0.26607144 0.13789473 0.35892856
9 0.36210528 0.26607144 0.13789473 0.35892856
36 0.5 0.26607144 0.13789476 0.35892856
14 0.63789475 0.26607144 0.13789472 0.35892856
1 0.77578944 0.26607144 0.13789472 0.35892856
3 0.14174642 0.67321426 0.1598086 0.38303572
4 0.30155504 0.67321426 0.1598086 0.38303572
1 0.4613636 0.67321426 0.15980864 0.38303572
37 0.58122015 0.67321426 0.079904296 0.38303572
9 0.70107657 0.67321426 0.15980864 0.38303572
2 0.86088514 0.67321426 0.15980859 0.38303572
