7 0.19657893 0.24553572 0.1431579 0.34151787
2 0.33973685 0.24553572 0.1431579 0.34151787
36 0.48289475 0.24553572 0.14315791 0.34151787
15 0.6260527 0.24553572 0.14315788 0.34151787
1 0.7692105 0.24553572 0.14315788 0.34151787
2 0.099043064 0.66071427 0.15598087 0.38839287
0 0.25502393 0.66071427 0.15598087 0.38839287
7 0.4110048 0.66071427 0.15598084 0.38839287
37 0.5279904 0.66071427 0.07799044 0.38839287
4 0.6449761 0.66071427 0.15598084 0.38839287
1 0.80095696 0.66071427 0.15598089 0.38839287
