8 0.24618421 0.30892858 0.13447368 0.35089287
4 0.38065788 0.30892858 0.13447368 0.35089287
36 0.5151316 0.30892858 0.13447367 0.35089287
16 0.6496052 0.30892858 0.1344737 0.35089287
1 0.78407896 0.30892858 0.1344737 0.35089287
2 0.15645933 0.66785717 0.14976075 0.35892856
2 0.30622008 0.66785717 0.14976075 0.35892856
5 0.45598084 0.66785717 0.14976075 0.35892856
37 0.5683015 0.66785717 0.07488038 0.35892856
9 0.680622 0.66785717 0.14976075 0.35892856
3 0.8303828 0.66785717 0.14976075 0.35892856
