5 0.23526317 0.26785713 0.1363158 0.34553573
9 0.371579 0.26785713 0.1363158 0.34553573
36 0.50789475 0.26785713 0.1363158 0.34553573
15 0.6442105 0.26785713 0.13631576 0.34553573
1 0.78052634 0.26785713 0.13631576 0.34553573
0 0.1659091 0.67410713 0.15023924 0.33080357
9 0.31614834 0.67410713 0.15023924 0.33080357
0 0.46638757 0.67410713 0.15023924 0.33080357
37 0.57906693 0.67410713 0.07511962 0.33080357
3 0.6917464 0.67410713 0.15023924 0.33080357
1 0.8419856 0.67410713 0.15023924 0.33080357
