5 0.15894738 0.27946427 0.15736844 0.40580356
9 0.3163158 0.27946427 0.15736844 0.40580356
36 0.47368422 0.27946427 0.15736844 0.40580356
30 0.6310526 0.27946427 0.15736839 0.40580356
1 0.7884211 0.27946427 0.15736839 0.40580356
9 0.08911483 0.69285715 0.17822966 0.41517857
1 0.2673445 0.69285715 0.17822966 0.41517857
8 0.44557413 0.69285715 0.17822969 0.41517857
37 0.57924646 0.69285715 0.08911482 0.41517857
9 0.71291864 0.69285715 0.17822969 0.41517857
7 0.89114827 0.69285715 0.17822964 0.41517857
