9 0.21526317 0.34285715 0.15421052 0.28660715
2 0.36947367 0.34285715 0.15421052 0.28660715
36 0.5236842 0.34285715 0.15421051 0.28660715
0 0.67789465 0.34285715 0.15421054 0.28660715
1 0.8321053 0.34285715 0.15421054 0.28660715
4 0.11746412 0.71160716 0.16650718 0.29866073
2 0.28397128 0.71160716 0.16650718 0.29866073
7 0.4504785 0.71160716 0.16650715 0.29866073
37 0.5753588 0.71160716 0.0832536 0.29866073
0 0.70023924 0.71160716 0.16650715 0.29866073
5 0.8667464 0.71160716 0.1665072 0.29866073
