7 0.27039474 0.3017857 0.13289474 0.28928572
2 0.40328947 0.3017857 0.13289474 0.28928572
36 0.5361842 0.3017857 0.13289474 0.28928572
15 0.66907895 0.3017857 0.13289474 0.28928572
1 0.8019737 0.3017857 0.13289474 0.28928572
3 0.17117225 0.68392855 0.16076556 0.36160713
5 0.33193782 0.68392855 0.16076556 0.36160713
5 0.49270338 0.68392855 0.16076556 0.36160713
37 0.6132775 0.68392855 0.08038278 0.36160713
0 0.73385173 0.68392855 0.16076556 0.36160713
7 0.8946172 0.68392855 0.16076556 0.36160713
