5 0.19921052 0.31339285 0.14052632 0.28794643
9 0.33973685 0.31339285 0.14052632 0.28794643
36 0.48026314 0.31339285 0.14052634 0.28794643
29 0.62078947 0.31339285 0.1405263 0.28794643
1 0.76131576 0.31339285 0.1405263 0.28794643
5 0.1277512 0.67053574 0.16339713 0.3013393
9 0.29114833 0.67053574 0.16339713 0.3013393
9 0.45454547 0.67053574 0.16339713 0.3013393
37 0.57709324 0.67053574 0.08169857 0.3013393
7 0.69964117 0.67053574 0.16339713 0.3013393
3 0.86303824 0.67053574 0.16339713 0.3013393
