5 0.24302632 0.33035713 0.1386842 0.25982141
9 0.3817105 0.33035713 0.1386842 0.25982141
36 0.52039474 0.33035713 0.1386842 0.25982141
30 0.65907896 0.33035713 0.13868424 0.25982141
1 0.79776317 0.33035713 0.13868424 0.25982141
3 0.1625598 0.65089285 0.15933014 0.25044644
9 0.32188997 0.65089285 0.15933014 0.25044644
6 0.48122013 0.65089285 0.15933014 0.25044644
37 0.6007177 0.65089285 0.07966505 0.25044644
1 0.7202153 0.65089285 0.1593301 0.25044644
9 0.87954545 0.65089285 0.15933019 0.25044644
