5 0.21394737 0.30357143 0.13578947 0.31607142
9 0.34973684 0.30357143 0.13578947 0.31607142
36 0.48552632 0.30357143 0.13578945 0.31607142
15 0.6213158 0.30357143 0.13578948 0.31607142
1 0.7571053 0.30357143 0.13578948 0.31607142
4 0.18110049 0.66071427 0.14904307 0.27321428
5 0.33014357 0.66071427 0.14904307 0.27321428
8 0.47918662 0.66071427 0.14904307 0.27321428
37 0.5909689 0.66071427 0.07452152 0.27321428
4 0.70275116 0.66071427 0.14904304 0.27321428
2 0.8517943 0.66071427 0.14904304 0.27321428
