7 0.22539474 0.28392857 0.14552632 0.35089287
3 0.37092108 0.28392857 0.14552632 0.35089287
36 0.51644737 0.28392857 0.14552632 0.35089287
16 0.66197366 0.28392857 0.14552629 0.35089287
1 0.8075 0.28392857 0.14552629 0.35089287
1 0.17667465 0.67410713 0.1507177 0.34419644
7 0.32739234 0.67410713 0.1507177 0.34419644
5 0.47811007 0.67410713 0.15071769 0.34419644
37 0.5911483 0.67410713 0.07535886 0.34419644
4 0.7041866 0.67410713 0.15071769 0.34419644
4 0.85490435 0.67410713 0.15071772 0.34419644
