5 0.24552633 0.27410713 0.13842104 0.35223213
9 0.38394734 0.27410713 0.13842104 0.35223213
36 0.52236843 0.27410713 0.13842103 0.35223213
33 0.66078943 0.27410713 0.13842107 0.35223213
2 0.79921055 0.27410713 0.13842107 0.35223213
6 0.16566986 0.66785717 0.14712918 0.34553573
2 0.31279904 0.66785717 0.14712918 0.34553573
7 0.4599282 0.66785717 0.14712918 0.34553573
37 0.5702751 0.66785717 0.07356459 0.34553573
2 0.680622 0.66785717 0.14712918 0.34553573
1 0.8277512 0.66785717 0.14712918 0.34553573
