6 0.20578946 0.28303573 0.14842106 0.35223213
9 0.35421056 0.28303573 0.14842106 0.35223213
36 0.5026316 0.28303573 0.14842108 0.35223213
10 0.65105265 0.28303573 0.14842103 0.35223213
11 0.79947364 0.28303573 0.14842103 0.35223213
0 0.102153115 0.67410713 0.16746412 0.34419644
2 0.26961723 0.67410713 0.16746412 0.34419644
6 0.43708134 0.67410713 0.16746412 0.34419644
37 0.5626794 0.67410713 0.083732046 0.34419644
7 0.6882775 0.67410713 0.16746409 0.34419644
3 0.85574156 0.67410713 0.16746409 0.34419644
