5 0.22855262 0.29464287 0.13342105 0.30267859
9 0.36197364 0.29464287 0.13342105 0.30267859
36 0.49539474 0.29464287 0.13342105 0.30267859
14 0.6288158 0.29464287 0.13342108 0.30267859
1 0.76223683 0.29464287 0.13342108 0.30267859
0 0.17069377 0.65267855 0.15454546 0.3174107
4 0.32523924 0.65267855 0.15454546 0.3174107
7 0.47978467 0.65267855 0.15454547 0.3174107
37 0.5956938 0.65267855 0.07727271 0.3174107
4 0.71160287 0.65267855 0.15454547 0.3174107
4 0.8661483 0.65267855 0.15454543 0.3174107
