7 0.20973684 0.30714285 0.13789473 0.32410714
1 0.3476316 0.30714285 0.13789473 0.32410714
36 0.48552632 0.30714285 0.13789476 0.32410714
11 0.6234211 0.30714285 0.13789472 0.32410714
1 0.76131576 0.30714285 0.13789472 0.32410714
4 0.13600478 0.6651786 0.15622008 0.30669641
0 0.29222485 0.6651786 0.15622008 0.30669641
1 0.44844496 0.6651786 0.15622008 0.30669641
37 0.56561005 0.6651786 0.07811006 0.30669641
4 0.68277514 0.6651786 0.15622012 0.30669641
0 0.8389953 0.6651786 0.15622012 0.30669641
