6 0.26171052 0.31339285 0.13394737 0.40580356
8 0.3956579 0.31339285 0.13394737 0.40580356
36 0.52960527 0.31339285 0.13394739 0.40580356
21 0.66355264 0.31339285 0.13394736 0.40580356
10 0.79749995 0.31339285 0.13394736 0.40580356
0 0.14712918 0.67410713 0.14952151 0.42723215
0 0.2966507 0.67410713 0.14952151 0.42723215
7 0.4461722 0.67410713 0.14952151 0.42723215
37 0.55831337 0.67410713 0.07476076 0.42723215
7 0.67045456 0.67410713 0.14952156 0.42723215
6 0.8199761 0.67410713 0.14952151 0.42723215
