8 0.21355264 0.26785713 0.14026317 0.39642859
5 0.35381582 0.26785713 0.14026317 0.39642859
36 0.49407893 0.26785713 0.14026317 0.39642859
13 0.6343421 0.26785713 0.14026313 0.39642859
1 0.7746053 0.26785713 0.14026313 0.39642859
0 0.17260766 0.67232144 0.15574165 0.40580356
1 0.3283493 0.67232144 0.15574165 0.40580356
6 0.48409095 0.67232144 0.15574165 0.40580356
37 0.60089713 0.67232144 0.07787082 0.40580356
1 0.71770334 0.67232144 0.1557416 0.40580356
1 0.873445 0.67232144 0.15574165 0.40580356
