5 0.20736843 0.34732142 0.14368421 0.24776785
9 0.3510526 0.34732142 0.14368421 0.24776785
36 0.49473685 0.34732142 0.1436842 0.24776785
30 0.638421 0.34732142 0.14368422 0.24776785
1 0.78210527 0.34732142 0.14368422 0.24776785
5 0.14461721 0.66071427 0.16555023 0.27589285
9 0.31016746 0.66071427 0.16555023 0.27589285
8 0.4757177 0.66071427 0.16555023 0.27589285
37 0.5998804 0.66071427 0.082775116 0.27589285
9 0.724043 0.66071427 0.16555023 0.27589285
7 0.88959336 0.66071427 0.16555023 0.27589285
