8 0.22407895 0.26785713 0.13763158 0.3482143
1 0.36171055 0.26785713 0.13763158 0.3482143
36 0.4993421 0.26785713 0.13763158 0.3482143
11 0.6369737 0.26785713 0.13763155 0.3482143
1 0.7746053 0.26785713 0.13763155 0.3482143
3 0.13935407 0.68303573 0.15765549 0.34955359
7 0.29700956 0.68303573 0.15765549 0.34955359
9 0.45466506 0.68303573 0.15765549 0.34955359
37 0.57290673 0.68303573 0.078827746 0.34955359
6 0.6911483 0.68303573 0.15765549 0.34955359
3 0.8488039 0.68303573 0.15765549 0.34955359
