6 0.2375 0.27232143 0.13815789 0.33348215
7 0.3756579 0.27232143 0.13815789 0.33348215
36 0.51381576 0.27232143 0.13815789 0.33348215
12 0.65197366 0.27232143 0.13815789 0.33348215
1 0.79013157 0.27232143 0.13815789 0.33348215
0 0.15334928 0.66785717 0.15669857 0.33482143
8 0.31004786 0.66785717 0.15669857 0.33482143
3 0.46674645 0.66785717 0.15669857 0.33482143
37 0.58427036 0.66785717 0.07834926 0.33482143
4 0.70179427 0.66785717 0.15669852 0.33482143
7 0.8584928 0.66785717 0.15669861 0.33482143
