5 0.23855263 0.33482143 0.14026317 0.24508929
9 0.37881583 0.33482143 0.14026317 0.24508929
36 0.51907897 0.33482143 0.14026317 0.24508929
23 0.65934205 0.33482143 0.14026313 0.24508929
1 0.79960525 0.33482143 0.14026313 0.24508929
7 0.15155503 0.65178573 0.1610048 0.26785713
6 0.31255984 0.65178573 0.1610048 0.26785713
6 0.47356462 0.65178573 0.1610048 0.26785713
37 0.5943182 0.65178573 0.0805024 0.26785713
5 0.71507174 0.65178573 0.16100475 0.26785713
4 0.8760765 0.65178573 0.1610048 0.26785713
