5 0.20973684 0.26607144 0.1431579 0.33482143
9 0.35289475 0.26607144 0.1431579 0.33482143
36 0.49605262 0.26607144 0.14315791 0.33482143
29 0.6392105 0.26607144 0.14315788 0.33482143
1 0.78236836 0.26607144 0.14315788 0.33482143
5 0.122607656 0.66785717 0.16889952 0.35892856
1 0.29150715 0.66785717 0.16889952 0.35892856
0 0.46040666 0.66785717 0.16889949 0.35892856
37 0.5870813 0.66785717 0.08444977 0.35892856
0 0.71375597 0.66785717 0.16889954 0.35892856
2 0.8826555 0.66785717 0.16889954 0.35892856
