5 0.22144738 0.28839287 0.15078948 0.35223213
9 0.37223688 0.28839287 0.15078948 0.35223213
36 0.5230263 0.28839287 0.15078948 0.35223213
14 0.6738158 0.28839287 0.15078944 0.35223213
1 0.8246053 0.28839287 0.15078944 0.35223213
5 0.14222488 0.70357144 0.17129187 0.36964285
0 0.31351677 0.70357144 0.17129187 0.36964285
9 0.48480862 0.70357144 0.17129187 0.36964285
37 0.61327755 0.70357144 0.08564594 0.36964285
8 0.7417464 0.70357144 0.17129192 0.36964285
8 0.9130384 0.70357144 0.17129187 0.36964285
