5 0.21092106 0.26785713 0.14552632 0.38303572
9 0.3564474 0.26785713 0.14552632 0.38303572
36 0.5019737 0.26785713 0.14552632 0.38303572
12 0.6475 0.26785713 0.14552629 0.38303572
1 0.7930263 0.26785713 0.14552629 0.38303572
0 0.10287082 0.69196427 0.16626796 0.39241073
3 0.26913878 0.69196427 0.16626796 0.39241073
6 0.43540674 0.69196427 0.16626796 0.39241073
37 0.56010765 0.69196427 0.08313398 0.39241073
3 0.6848086 0.69196427 0.16626792 0.39241073
1 0.85107654 0.69196427 0.16626796 0.39241073
