6 0.18225229 0.51605505 0.11380821 0.5263761
8 0.2960605 0.51605505 0.11380821 0.5263761
6 0.40986866 0.51605505 0.113808185 0.5263761
7 0.5236769 0.51605505 0.11380821 0.5263761
0 0.6374851 0.51605505 0.11380821 0.5263761
3 0.7512933 0.51605505 0.11380817 0.5263761
3 0.8651016 0.51605505 0.11380821 0.5263761
30 0.24151683 0.8211009 0.03178019 0.2614679
35 0.273297 0.8211009 0.03178019 0.2614679
28 0.33685744 0.8211009 0.03178019 0.2614679
14 0.36863765 0.8211009 0.03178019 0.2614679
27 0.40041783 0.8211009 0.03178019 0.2614679
31 0.43219802 0.8211009 0.03178019 0.2614679
18 0.4639782 0.8211009 0.03178019 0.2614679
28 0.49575838 0.8211009 0.03178019 0.2614679
10 0.5593188 0.8211009 0.03178019 0.2614679
30 0.59109896 0.8211009 0.03178019 0.2614679
29 0.62287915 0.8211009 0.03178019 0.2614679
24 0.65465933 0.8211009 0.03178019 0.2614679
23 0.6864395 0.8211009 0.03178019 0.2614679
24 0.7182197 0.8211009 0.03178023 0.2614679
31 0.7499998 0.8211009 0.03178019 0.2614679
10 0.7817801 0.8211009 0.03178019 0.2614679
11 0.8453405 0.8211009 0.03178019 0.2614679
22 0.8771206 0.8211009 0.03178019 0.2614679
24 0.90890086 0.8211009 0.03178019 0.2614679
