2 0.23403938 0.5 0.08621719 0.41009852
11 0.32025656 0.5 0.08621719 0.41009852
3 0.40647376 0.5 0.08621719 0.41009852
8 0.5789081 0.5 0.08621719 0.41009852
2 0.6651253 0.5 0.08621719 0.41009852
8 0.7513425 0.5 0.08621719 0.41009852
0 0.83755964 0.5 0.08621719 0.41009852
25 0.40658978 0.864532 0.016043507 0.09975369
10 0.4226333 0.864532 0.016043507 0.09975369
21 0.43867674 0.864532 0.016043507 0.09975369
10 0.45472026 0.864532 0.016043507 0.09975369
12 0.4707637 0.864532 0.016043507 0.09975369
20 0.48680723 0.864532 0.016043507 0.09975369
14 0.5028507 0.864532 0.016043507 0.09975369
11 0.5188942 0.864532 0.016043507 0.09975369
24 0.5349377 0.864532 0.016043507 0.09975369
18 0.55098116 0.864532 0.016043507 0.09975369
37 0.5630138 0.864532 0.008021753 0.09975369
1 0.5750464 0.864532 0.016043507 0.09975369
5 0.5910899 0.864532 0.016043507 0.09975369
5 0.6071334 0.864532 0.016043507 0.09975369
37 0.61916596 0.864532 0.008021753 0.09975369
11 0.63119864 0.864532 0.016043507 0.09975369
27 0.6472421 0.864532 0.016043507 0.09975369
23 0.66328555 0.864532 0.016043507 0.09975369
24 0.6793291 0.864532 0.016043507 0.09975369
