1 0.25111112 0.4954751 0.09777778 0.44457012
35 0.34888887 0.4954751 0.09777778 0.44457012
3 0.44666666 0.4954751 0.09777778 0.44457012
5 0.54444444 0.4954751 0.09777778 0.44457012
2 0.6422222 0.4954751 0.09777778 0.44457012
0 0.74 0.4954751 0.09777778 0.44457012
6 0.8377778 0.4954751 0.09777778 0.44457012
10 0.20652238 0.8280543 0.017489184 0.21719457
27 0.22401156 0.8280543 0.017489184 0.21719457
10 0.24150072 0.8280543 0.017489184 0.21719457
31 0.2589899 0.8280543 0.017489184 0.21719457
14 0.2764791 0.8280543 0.017489167 0.21719457
27 0.29396823 0.8280543 0.017489184 0.21719457
10 0.3289466 0.8280543 0.017489184 0.21719457
37 0.34206346 0.8280543 0.008744575 0.21719457
28 0.35518038 0.8280543 0.017489184 0.21719457
37 0.36829725 0.8280543 0.008744575 0.21719457
30 0.39890334 0.8280543 0.017489184 0.21719457
17 0.41639248 0.8280543 0.017489184 0.21719457
37 0.4295094 0.8280543 0.008744575 0.21719457
17 0.44262627 0.8280543 0.017489184 0.21719457
27 0.4601155 0.8280543 0.017489184 0.21719457
10 0.47760463 0.8280543 0.017489184 0.21719457
13 0.49509385 0.8280543 0.017489184 0.21719457
18 0.512583 0.8280543 0.017489184 0.21719457
28 0.5300722 0.8280543 0.017489184 0.21719457
29 0.54756135 0.8280543 0.017489184 0.21719457
14 0.5650506 0.8280543 0.017489184 0.21719457
29 0.6000289 0.8280543 0.01748915 0.21719457
14 0.6175181 0.8280543 0.01748915 0.21719457
10 0.65249646 0.8280543 0.01748915 0.21719457
12 0.66998565 0.8280543 0.01748915 0.21719457
5 0.68747485 0.8280543 0.01748915 0.21719457
7 0.70496404 0.8280543 0.01748915 0.21719457
2 0.7224532 0.8280543 0.01748915 0.21719457
5 0.7399424 0.8280543 0.01748915 0.21719457
5 0.75743157 0.8280543 0.01748915 0.21719457
6 0.77492076 0.8280543 0.01748915 0.21719457
3 0.79240996 0.8280543 0.01748915 0.21719457
0 0.8098991 0.8280543 0.01748915 0.21719457
0 0.8273882 0.8280543 0.01748915 0.21719457
36 0.84487736 0.8280543 0.01748915 0.21719457
2 0.86236656 0.8280543 0.01748915 0.21719457
