8 0.15748416 0.5049505 0.110190146 0.47524753
11 0.26767433 0.5049505 0.110190146 0.47524753
4 0.37786442 0.5049505 0.110190146 0.47524753
1 0.4880546 0.5049505 0.110190146 0.47524753
9 0.5982447 0.5049505 0.11019012 0.47524753
5 0.7084349 0.5049505 0.11019012 0.47524753
8 0.818625 0.5049505 0.11019012 0.47524753
8 0.62741756 0.8613861 0.032992054 0.13366337
0 0.66040957 0.8613861 0.032992054 0.13366337
0 0.6934016 0.8613861 0.032992054 0.13366337
1 0.72639364 0.8613861 0.032992054 0.13366337
1 0.75938565 0.8613861 0.032992054 0.13366337
0 0.79237777 0.8613861 0.032992054 0.13366337
8 0.8253698 0.8613861 0.032992054 0.13366337
0 0.8583618 0.8613861 0.032992054 0.13366337
0 0.8913539 0.8613861 0.032992 0.13366337
