6 0.24721551 0.48295453 0.094431005 0.36647728
8 0.34164652 0.48295453 0.094431005 0.36647728
6 0.43607748 0.48295453 0.09443098 0.36647728
7 0.53050846 0.48295453 0.094431005 0.36647728
4 0.6249395 0.48295453 0.094431005 0.36647728
9 0.7193705 0.48295453 0.094431005 0.36647728
5 0.81380147 0.48295453 0.094431005 0.36647728
12 0.31031075 0.8693182 0.03079097 0.07670455
35 0.3411017 0.8693182 0.03079097 0.07670455
14 0.37189263 0.8693182 0.03079097 0.07670455
12 0.40268365 0.8693182 0.03079097 0.07670455
17 0.43347454 0.8693182 0.030790944 0.07670455
27 0.49505645 0.8693182 0.030790944 0.07670455
14 0.52584743 0.8693182 0.030790944 0.07670455
25 0.55663836 0.8693182 0.030790944 0.07670455
30 0.58742934 0.8693182 0.030790944 0.07670455
24 0.6182203 0.8693182 0.030790944 0.07670455
21 0.6490113 0.8693182 0.030790944 0.07670455
