6 0.17668127 0.5022936 0.11380821 0.5263761
8 0.29048946 0.5022936 0.11380821 0.5263761
6 0.40429765 0.5022936 0.113808185 0.5263761
7 0.51810586 0.5022936 0.11380821 0.5263761
0 0.6319141 0.5022936 0.11380821 0.5263761
3 0.7457223 0.5022936 0.11380817 0.5263761
3 0.85953057 0.5022936 0.11380821 0.5263761
31 0.21570334 0.8119266 0.03029248 0.27522936
30 0.24599582 0.8119266 0.03029248 0.27522936
35 0.2762883 0.8119266 0.03029248 0.27522936
28 0.36716574 0.8119266 0.03029248 0.27522936
14 0.39745823 0.8119266 0.03029248 0.27522936
27 0.4277507 0.8119266 0.03029248 0.27522936
31 0.4580432 0.8119266 0.03029248 0.27522936
18 0.48833567 0.8119266 0.03029248 0.27522936
28 0.5186281 0.8119266 0.03029248 0.27522936
10 0.5792131 0.8119266 0.03029248 0.27522936
30 0.6095056 0.8119266 0.03029248 0.27522936
29 0.63979805 0.8119266 0.03029248 0.27522936
24 0.67009056 0.8119266 0.03029248 0.27522936
23 0.700383 0.8119266 0.03029248 0.27522936
24 0.73067546 0.8119266 0.03029248 0.27522936
31 0.76096797 0.8119266 0.03029248 0.27522936
10 0.7912604 0.8119266 0.03029248 0.27522936
11 0.8518454 0.8119266 0.03029248 0.27522936
22 0.8821379 0.8119266 0.03029248 0.27522936
24 0.91243035 0.8119266 0.03029248 0.27522936
