1 0.25857145 0.48642534 0.09492066 0.4174208
35 0.35349208 0.48642534 0.09492066 0.4174208
3 0.4484127 0.48642534 0.09492062 0.4174208
5 0.54333335 0.48642534 0.09492066 0.4174208
2 0.638254 0.48642534 0.09492066 0.4174208
0 0.7331746 0.48642534 0.09492066 0.4174208
6 0.8280953 0.48642534 0.09492066 0.4174208
10 0.20616035 0.82126695 0.01676512 0.20701358
27 0.22292545 0.82126695 0.01676512 0.20701358
10 0.23969059 0.82126695 0.01676512 0.20701358
31 0.2564557 0.82126695 0.01676512 0.20701358
14 0.27322084 0.82126695 0.01676512 0.20701358
27 0.28998592 0.82126695 0.01676512 0.20701358
10 0.32351616 0.82126695 0.016765136 0.20701358
37 0.33609003 0.82126695 0.008382568 0.20701358
28 0.34866387 0.82126695 0.016765136 0.20701358
37 0.36123773 0.82126695 0.008382568 0.20701358
30 0.39057666 0.82126695 0.016765136 0.20701358
17 0.40734178 0.82126695 0.016765136 0.20701358
37 0.41991565 0.82126695 0.008382568 0.20701358
17 0.43248942 0.82126695 0.016765103 0.20701358
27 0.44925454 0.82126695 0.016765136 0.20701358
10 0.4660197 0.82126695 0.016765136 0.20701358
13 0.48278484 0.82126695 0.016765136 0.20701358
18 0.4995499 0.82126695 0.016765103 0.20701358
28 0.51631504 0.82126695 0.016765136 0.20701358
29 0.53308016 0.82126695 0.016765136 0.20701358
14 0.54984534 0.82126695 0.016765136 0.20701358
29 0.56661046 0.82126695 0.016765136 0.20701358
14 0.5833756 0.82126695 0.016765136 0.20701358
21 0.6001407 0.82126695 0.016765136 0.20701358
15 0.633671 0.82126695 0.016765136 0.20701358
10 0.6504361 0.82126695 0.016765136 0.20701358
33 0.6672013 0.82126695 0.016765136 0.20701358
5 0.6839664 0.82126695 0.016765136 0.20701358
7 0.7007315 0.82126695 0.016765136 0.20701358
2 0.7174967 0.82126695 0.016765136 0.20701358
5 0.7342618 0.82126695 0.016765136 0.20701358
5 0.7510269 0.82126695 0.016765136 0.20701358
6 0.7677921 0.82126695 0.016765136 0.20701358
3 0.7845572 0.82126695 0.016765136 0.20701358
0 0.80132234 0.82126695 0.016765136 0.20701358
0 0.8180875 0.82126695 0.016765136 0.20701358
36 0.83485264 0.82126695 0.016765136 0.20701358
2 0.85161775 0.82126695 0.016765136 0.20701358
