3 0.24678971 0.49019608 0.09283039 0.40441176
28 0.3396201 0.49019608 0.09283039 0.40441176
8 0.43245047 0.49019608 0.09283039 0.40441176
6 0.5252809 0.49019608 0.09283041 0.40441176
8 0.61811125 0.49019608 0.09283041 0.40441176
9 0.71094173 0.49019608 0.09283041 0.40441176
9 0.8037721 0.49019608 0.09283041 0.40441176
30 0.22253433 0.88480395 0.018102366 0.08455882
23 0.2406367 0.88480395 0.018102366 0.08455882
18 0.25873905 0.88480395 0.018102381 0.08455882
20 0.27684146 0.88480395 0.018102381 0.08455882
24 0.2949438 0.88480395 0.018102381 0.08455882
22 0.31304622 0.88480395 0.018102381 0.08455882
