1 0.23990683 0.4887324 0.10209627 0.5049296
11 0.3420031 0.4887324 0.10209627 0.5049296
2 0.44409934 0.4887324 0.10209627 0.5049296
7 0.5461956 0.4887324 0.10209627 0.5049296
2 0.64829195 0.4887324 0.10209627 0.5049296
4 0.75038826 0.4887324 0.10209631 0.5049296
7 0.8524845 0.4887324 0.10209631 0.5049296
10 0.20492198 0.828169 0.021257007 0.2535211
30 0.226179 0.828169 0.021257007 0.2535211
29 0.24743603 0.828169 0.021257007 0.2535211
24 0.268693 0.828169 0.021257007 0.2535211
12 0.28995004 0.828169 0.021257007 0.2535211
14 0.31120703 0.828169 0.021257007 0.2535211
23 0.33246404 0.828169 0.021257007 0.2535211
29 0.3537211 0.828169 0.021257028 0.2535211
27 0.3749781 0.828169 0.021257028 0.2535211
30 0.39623508 0.828169 0.021257028 0.2535211
22 0.4174921 0.828169 0.021257028 0.2535211
27 0.46000615 0.828169 0.021257028 0.2535211
24 0.48126313 0.828169 0.021257028 0.2535211
28 0.5025201 0.828169 0.021257028 0.2535211
10 0.54503417 0.828169 0.021257028 0.2535211
37 0.5609769 0.828169 0.010628493 0.2535211
28 0.5769196 0.828169 0.021257028 0.2535211
37 0.5928624 0.828169 0.010628493 0.2535211
11 0.63006216 0.828169 0.021257028 0.2535211
22 0.65131927 0.828169 0.021257028 0.2535211
24 0.67257625 0.828169 0.021257028 0.2535211
25 0.7150903 0.828169 0.021256985 0.2535211
24 0.73634726 0.828169 0.021256985 0.2535211
23 0.75760436 0.828169 0.021256985 0.2535211
12 0.7788614 0.828169 0.021256985 0.2535211
18 0.8001184 0.828169 0.021256985 0.2535211
1 0.82137537 0.828169 0.021256985 0.2535211
12 0.8426325 0.828169 0.021256985 0.2535211
