9 0.21730769 0.47265625 0.08846154 0.46289062
11 0.30576923 0.47265625 0.08846154 0.46289062
2 0.39423078 0.47265625 0.08846154 0.46289062
9 0.5711538 0.47265625 0.08846154 0.46289062
2 0.6596154 0.47265625 0.08846154 0.46289062
7 0.7480769 0.47265625 0.08846154 0.46289062
4 0.83653843 0.47265625 0.08846154 0.46289062
10 0.61794865 0.75390625 0.043589722 0.076171875
27 0.6615385 0.75390625 0.043589722 0.076171875
37 0.6942308 0.75390625 0.021794891 0.076171875
12 0.72692305 0.75390625 0.043589722 0.076171875
35 0.77051276 0.75390625 0.043589722 0.076171875
