11 0.17207532 0.5 0.09415064 0.48076922
35 0.26622596 0.5 0.09415064 0.48076922
24 0.3603766 0.5 0.09415064 0.48076922
4 0.45452723 0.5 0.09415064 0.48076922
9 0.54867786 0.5 0.09415064 0.48076922
36 0.6428285 0.5 0.09415064 0.48076922
6 0.7369792 0.5 0.09415064 0.48076922
6 0.8311298 0.5 0.09415064 0.48076922
10 0.18652065 0.8150183 0.023682337 0.23901099
30 0.210203 0.8150183 0.023682337 0.23901099
29 0.23388532 0.8150183 0.023682326 0.23901099
24 0.25756764 0.8150183 0.023682326 0.23901099
24 0.28125 0.8150183 0.023682326 0.23901099
25 0.30493233 0.8150183 0.023682326 0.23901099
27 0.32861465 0.8150183 0.023682326 0.23901099
10 0.352297 0.8150183 0.023682326 0.23901099
31 0.37597936 0.8150183 0.023682326 0.23901099
23 0.3996617 0.8150183 0.023682326 0.23901099
10 0.423344 0.8150183 0.023682326 0.23901099
36 0.4470263 0.8150183 0.023682326 0.23901099
29 0.47070864 0.8150183 0.023682326 0.23901099
24 0.49439096 0.8150183 0.023682326 0.23901099
22 0.5180733 0.8150183 0.023682326 0.23901099
36 0.5417556 0.8150183 0.023682326 0.23901099
27 0.565438 0.8150183 0.023682326 0.23901099
10 0.58912027 0.8150183 0.023682326 0.23901099
19 0.6128026 0.8150183 0.023682326 0.23901099
14 0.6364849 0.8150183 0.023682326 0.23901099
12 0.6601673 0.8150183 0.023682326 0.23901099
20 0.6838496 0.8150183 0.023682326 0.23901099
24 0.7075319 0.8150183 0.023682326 0.23901099
3 0.7548966 0.8150183 0.023682326 0.23901099
6 0.7785789 0.8150183 0.023682326 0.23901099
4 0.80226123 0.8150183 0.023682326 0.23901099
