8 0.17026578 0.48728815 0.10797341 0.46398306
11 0.2782392 0.48728815 0.10797341 0.46398306
6 0.38621265 0.48728815 0.107973434 0.46398306
8 0.49418604 0.48728815 0.10797341 0.46398306
5 0.60215944 0.48728815 0.10797341 0.46398306
0 0.71013284 0.48728815 0.10797346 0.46398306
8 0.8181062 0.48728815 0.10797341 0.46398306
10 0.38380903 0.80932206 0.017618047 0.12076271
20 0.40142706 0.80932206 0.017618047 0.12076271
10 0.41904512 0.80932206 0.017618047 0.12076271
13 0.43666315 0.80932206 0.017618047 0.12076271
14 0.4542812 0.80932206 0.017618047 0.12076271
22 0.4718992 0.80932206 0.017618047 0.12076271
18 0.48951724 0.80932206 0.017618047 0.12076271
14 0.50713533 0.80932206 0.017618047 0.12076271
36 0.52475333 0.80932206 0.017618047 0.12076271
27 0.5423714 0.80932206 0.017618047 0.12076271
14 0.55998945 0.80932206 0.017618047 0.12076271
10 0.5776075 0.80932206 0.017618047 0.12076271
21 0.5952255 0.80932206 0.017618047 0.12076271
18 0.6128436 0.80932206 0.017618047 0.12076271
29 0.63046163 0.80932206 0.017618047 0.12076271
37 0.64367515 0.80932206 0.008809024 0.12076271
30 0.6568887 0.80932206 0.017618047 0.12076271
