2 0.22256787 0.4871795 0.087669685 0.43846154
11 0.31023756 0.4871795 0.087669685 0.43846154
9 0.39790723 0.4871795 0.087669685 0.43846154
0 0.5732466 0.4871795 0.087669685 0.43846154
1 0.66091627 0.4871795 0.087669685 0.43846154
7 0.748586 0.4871795 0.087669685 0.43846154
8 0.83625567 0.4871795 0.087669685 0.43846154
24 0.14404224 0.8435897 0.030165918 0.17307693
37 0.16666667 0.8435897 0.015082951 0.17307693
31 0.18929112 0.8435897 0.030165918 0.17307693
14 0.21945702 0.8435897 0.030165918 0.17307693
31 0.24962291 0.8435897 0.030165918 0.17307693
14 0.27978882 0.8435897 0.030165901 0.17307693
27 0.30995476 0.8435897 0.030165901 0.17307693
9 0.37028655 0.8435897 0.030165901 0.17307693
9 0.4004525 0.8435897 0.030165901 0.17307693
32 0.43061844 0.8435897 0.030165901 0.17307693
37 0.45324287 0.8435897 0.0150829675 0.17307693
29 0.4758673 0.8435897 0.030165901 0.17307693
10 0.5060332 0.8435897 0.030165901 0.17307693
36 0.5361991 0.8435897 0.030165901 0.17307693
10 0.566365 0.8435897 0.030165935 0.17307693
27 0.596531 0.8435897 0.030165935 0.17307693
37 0.6191553 0.8435897 0.015082933 0.17307693
5 0.64177984 0.8435897 0.030165935 0.17307693
4 0.6719457 0.8435897 0.030165935 0.17307693
1 0.70211154 0.8435897 0.030165935 0.17307693
2 0.73227745 0.8435897 0.030165935 0.17307693
4 0.7624434 0.8435897 0.030165935 0.17307693
9 0.79260933 0.8435897 0.030165935 0.17307693
2 0.8227753 0.8435897 0.030165935 0.17307693
9 0.85294116 0.8435897 0.030165935 0.17307693
2 0.8831072 0.8435897 0.030165935 0.17307693
