3 0.28656682 0.5480957 0.10828992 0.119018555
7 0.39485678 0.5480957 0.10828992 0.119018555
36 0.50314665 0.5480957 0.10828992 0.119018555
22 0.6114366 0.5480957 0.10828992 0.119018555
13 0.71972656 0.5480957 0.10828992 0.119018555
1 0.82801646 0.5480957 0.10828996 0.119018555
3 0.23236269 0.7434082 0.1352983 0.17907715
1 0.367661 0.7434082 0.1352983 0.17907715
0 0.50295925 0.7434082 0.1352983 0.17907715
37 0.604433 0.7434082 0.06764916 0.17907715
8 0.7059067 0.7434082 0.13529833 0.17907715
8 0.84120506 0.7434082 0.13529825 0.17907715
