2 0.18429486 0.27027026 0.1378205 0.3243243
9 0.3221154 0.27027026 0.1378205 0.3243243
36 0.45993584 0.27027026 0.1378205 0.3243243
22 0.59775645 0.27027026 0.13782054 0.3243243
13 0.7355769 0.27027026 0.13782054 0.3243243
2 0.8733974 0.27027026 0.13782054 0.3243243
1 0.17657343 0.6891892 0.16083916 0.38513514
1 0.33741257 0.6891892 0.16083916 0.38513514
3 0.49825174 0.6891892 0.16083916 0.38513514
37 0.6188811 0.6891892 0.080419615 0.38513514
0 0.7395105 0.6891892 0.16083916 0.38513514
6 0.90034956 0.6891892 0.16083916 0.38513514
