1 0.19685991 0.3347826 0.13285026 0.25434783
8 0.3297102 0.3347826 0.13285026 0.25434783
36 0.46256042 0.3347826 0.13285023 0.25434783
22 0.59541065 0.3347826 0.13285026 0.25434783
13 0.7282609 0.3347826 0.13285026 0.25434783
3 0.8611111 0.3347826 0.1328502 0.25434783
0 0.12121212 0.70869565 0.16996048 0.3326087
5 0.2911726 0.70869565 0.16996048 0.3326087
3 0.4611331 0.70869565 0.1699605 0.3326087
37 0.5886035 0.70869565 0.084980235 0.3326087
4 0.7160738 0.70869565 0.16996047 0.3326087
5 0.88603425 0.70869565 0.16996047 0.3326087
