3 0.16167535 0.5354004 0.11111113 0.18127441
7 0.27278647 0.5354004 0.11111113 0.18127441
36 0.38389757 0.5354004 0.111111104 0.18127441
0 0.4950087 0.5354004 0.11111113 0.18127441
0 0.6061198 0.5354004 0.11111113 0.18127441
2 0.717231 0.5354004 0.11111108 0.18127441
1 0.18471827 0.69433594 0.112926126 0.16259766
3 0.2976444 0.69433594 0.112926126 0.16259766
5 0.41057053 0.69433594 0.112926126 0.16259766
37 0.49526516 0.69433594 0.05646308 0.16259766
7 0.5799598 0.69433594 0.112926126 0.16259766
0 0.6928859 0.69433594 0.112926126 0.16259766
