2 0.12927352 0.33522728 0.15598293 0.3494318
9 0.28525645 0.33522728 0.15598293 0.3494318
36 0.44123933 0.33522728 0.1559829 0.3494318
22 0.59722227 0.33522728 0.15598293 0.3494318
13 0.7532051 0.33522728 0.15598293 0.3494318
1 0.9091881 0.33522728 0.15598287 0.3494318
2 0.08974359 0.6931818 0.17948718 0.3409091
2 0.26923078 0.6931818 0.17948718 0.3409091
3 0.44871795 0.6931818 0.17948718 0.3409091
37 0.5833333 0.6931818 0.08974359 0.3409091
5 0.71794873 0.6931818 0.17948718 0.3409091
9 0.8974359 0.6931818 0.17948718 0.3409091
