3 0.16701388 0.26363635 0.14652777 0.38863635
4 0.31354165 0.26363635 0.14652777 0.38863635
36 0.46006945 0.26363635 0.1465278 0.38863635
8 0.60659724 0.26363635 0.14652777 0.38863635
2 0.75312495 0.26363635 0.14652777 0.38863635
2 0.1540404 0.67045456 0.16224748 0.41931817
1 0.31628788 0.67045456 0.16224748 0.41931817
3 0.47853532 0.67045456 0.1622475 0.41931817
37 0.600221 0.67045456 0.081123725 0.41931817
1 0.72190654 0.67045456 0.1622475 0.41931817
2 0.8841541 0.67045456 0.16224745 0.41931817
