2 0.21305841 0.3080357 0.13745703 0.27455357
9 0.35051546 0.3080357 0.13745703 0.27455357
36 0.48797247 0.3080357 0.13745703 0.27455357
22 0.6254296 0.3080357 0.13745707 0.27455357
0 0.7628866 0.3080357 0.13745707 0.27455357
1 0.9003436 0.3080357 0.13745707 0.27455357
3 0.13683224 0.6964286 0.17057168 0.32142857
5 0.30740392 0.6964286 0.17057168 0.32142857
4 0.47797558 0.6964286 0.17057167 0.32142857
37 0.6059044 0.6964286 0.08528586 0.32142857
0 0.73383313 0.6964286 0.17057171 0.32142857
5 0.9044049 0.6964286 0.17057171 0.32142857
