7 0.18095237 0.31632653 0.17142856 0.41326532
2 0.35238093 0.31632653 0.17142856 0.41326532
36 0.52380955 0.31632653 0.17142859 0.41326532
20 0.6952382 0.31632653 0.17142856 0.41326532
1 0.8666666 0.31632653 0.17142856 0.41326532
3 0.13131315 0.75510204 0.16738817 0.33673468
4 0.29870132 0.75510204 0.16738817 0.33673468
5 0.46608946 0.75510204 0.16738816 0.33673468
37 0.5916306 0.75510204 0.08369409 0.33673468
6 0.7171717 0.75510204 0.16738819 0.33673468
7 0.8845599 0.75510204 0.16738819 0.33673468
