2 0.13494319 0.25555557 0.14488636 0.32777777
9 0.27982953 0.25555557 0.14488636 0.32777777
36 0.4247159 0.25555557 0.14488636 0.32777777
22 0.56960225 0.25555557 0.14488636 0.32777777
13 0.7144886 0.25555557 0.14488636 0.32777777
1 0.859375 0.25555557 0.14488636 0.32777777
5 0.14617768 0.73703706 0.16735536 0.31666666
0 0.31353304 0.73703706 0.16735536 0.31666666
4 0.4808884 0.73703706 0.16735536 0.31666666
37 0.606405 0.73703706 0.08367768 0.31666666
6 0.73192143 0.73703706 0.16735536 0.31666666
6 0.8992769 0.73703706 0.16735536 0.31666666
