3 0.11497891 0.26754385 0.15400845 0.3881579
7 0.26898733 0.26754385 0.15400845 0.3881579
36 0.4229958 0.26754385 0.15400843 0.3881579
22 0.57700425 0.26754385 0.15400845 0.3881579
0 0.73101264 0.26754385 0.15400845 0.3881579
1 0.88502115 0.26754385 0.1540084 0.3881579
5 0.11277331 0.7017544 0.17491369 0.39473686
7 0.28768697 0.7017544 0.17491369 0.39473686
6 0.4626007 0.7017544 0.17491367 0.39473686
37 0.59378594 0.7017544 0.08745686 0.39473686
7 0.72497123 0.7017544 0.17491367 0.39473686
8 0.89988494 0.7017544 0.17491372 0.39473686
