8 0.09178744 0.35454544 0.15458937 0.3409091
9 0.24637681 0.35454544 0.15458937 0.3409091
36 0.4009662 0.35454544 0.15458937 0.3409091
22 0.5555556 0.35454544 0.15458938 0.3409091
0 0.71014494 0.35454544 0.15458938 0.3409091
3 0.8647343 0.35454544 0.15458934 0.3409091
0 0.113306984 0.6818182 0.16864295 0.2590909
7 0.28194994 0.6818182 0.16864295 0.2590909
3 0.4505929 0.6818182 0.16864295 0.2590909
37 0.5770751 0.6818182 0.084321454 0.2590909
6 0.7035573 0.6818182 0.16864295 0.2590909
3 0.87220025 0.6818182 0.16864295 0.2590909
