1 0.11629629 0.33705357 0.15259258 0.21763393
4 0.2688889 0.33705357 0.15259258 0.21763393
36 0.42148146 0.33705357 0.1525926 0.21763393
22 0.57407403 0.33705357 0.15259257 0.21763393
0 0.7266667 0.33705357 0.15259257 0.21763393
1 0.87925917 0.33705357 0.15259257 0.21763393
0 0.09292929 0.6808036 0.17696969 0.2779018
1 0.26989898 0.6808036 0.17696969 0.2779018
1 0.4468687 0.6808036 0.1769697 0.2779018
37 0.5795959 0.6808036 0.08848484 0.2779018
0 0.7123232 0.6808036 0.17696968 0.2779018
3 0.8892929 0.6808036 0.17696968 0.2779018
