2 0.11862746 0.31410256 0.14313728 0.43269232
9 0.26176473 0.31410256 0.14313728 0.43269232
36 0.40490198 0.31410256 0.14313725 0.43269232
22 0.54803926 0.31410256 0.14313728 0.43269232
0 0.6911765 0.31410256 0.14313728 0.43269232
1 0.8343138 0.31410256 0.14313723 0.43269232
0 0.16256684 0.67948717 0.16042781 0.3653846
3 0.32299465 0.67948717 0.16042781 0.3653846
0 0.4834225 0.67948717 0.16042781 0.3653846
37 0.6037433 0.67948717 0.08021388 0.3653846
2 0.7240642 0.67948717 0.16042776 0.3653846
4 0.884492 0.67948717 0.16042785 0.3653846
