1 0.17997687 0.27531645 0.13773149 0.318038
5 0.31770837 0.27531645 0.13773149 0.318038
36 0.45543984 0.27531645 0.13773148 0.318038
22 0.59317136 0.27531645 0.13773149 0.318038
0 0.7309028 0.27531645 0.13773149 0.318038
3 0.8686343 0.27531645 0.13773145 0.318038
0 0.14709596 0.6835443 0.16919191 0.37974682
6 0.31628788 0.6835443 0.16919191 0.37974682
1 0.48547977 0.6835443 0.16919194 0.37974682
37 0.61237377 0.6835443 0.08459595 0.37974682
1 0.73926765 0.6835443 0.16919194 0.37974682
7 0.90845954 0.6835443 0.1691919 0.37974682
