1 0.16427203 0.25607064 0.13026819 0.37086093
7 0.2945402 0.25607064 0.13026819 0.37086093
36 0.4248084 0.25607064 0.1302682 0.37086093
22 0.5550766 0.25607064 0.13026819 0.37086093
13 0.6853448 0.25607064 0.13026819 0.37086093
28 0.815613 0.25607064 0.13026823 0.37086093
0 0.13571055 0.7196468 0.15360501 0.35430464
0 0.28931555 0.7196468 0.15360501 0.35430464
0 0.44292057 0.7196468 0.15360501 0.35430464
37 0.5581243 0.7196468 0.07680253 0.35430464
3 0.67332816 0.7196468 0.15360506 0.35430464
7 0.82693315 0.7196468 0.15360497 0.35430464
