1 0.167517 0.26415095 0.14115645 0.33962265
5 0.30867344 0.26415095 0.14115645 0.33962265
36 0.44982988 0.26415095 0.14115645 0.33962265
22 0.59098643 0.26415095 0.1411565 0.33962265
0 0.73214287 0.26415095 0.1411565 0.33962265
1 0.87329924 0.26415095 0.1411565 0.33962265
7 0.13126159 0.7264151 0.17068645 0.3443396
1 0.30194804 0.7264151 0.17068645 0.3443396
8 0.4726345 0.7264151 0.17068645 0.3443396
37 0.6006493 0.7264151 0.08534323 0.3443396
1 0.72866416 0.7264151 0.17068641 0.3443396
5 0.8993505 0.7264151 0.17068645 0.3443396
