2 0.17565948 0.31102362 0.13549162 0.31299213
3 0.31115112 0.31102362 0.13549162 0.31299213
36 0.4466427 0.31102362 0.1354916 0.31299213
22 0.5821343 0.31102362 0.13549162 0.31299213
0 0.7176259 0.31102362 0.13549162 0.31299213
1 0.8531175 0.31102362 0.13549156 0.31299213
0 0.111837804 0.6929134 0.15173316 0.31889763
2 0.26357096 0.6929134 0.15173316 0.31889763
2 0.41530412 0.6929134 0.15173315 0.31889763
37 0.529104 0.6929134 0.07586659 0.31889763
9 0.64290386 0.6929134 0.15173317 0.31889763
8 0.7946371 0.6929134 0.15173317 0.31889763
