2 0.15790455 0.2603878 0.14131247 0.35734072
3 0.29921702 0.2603878 0.14131247 0.35734072
36 0.4405295 0.2603878 0.14131247 0.35734072
22 0.5818419 0.2603878 0.14131244 0.35734072
0 0.72315437 0.2603878 0.14131244 0.35734072
1 0.86446685 0.2603878 0.14131244 0.35734072
0 0.10087451 0.72437674 0.17042913 0.38850415
2 0.27130362 0.72437674 0.17042913 0.38850415
4 0.44173273 0.72437674 0.1704291 0.38850415
37 0.56955457 0.72437674 0.08521457 0.38850415
8 0.69737643 0.72437674 0.17042914 0.38850415
3 0.86780554 0.72437674 0.17042914 0.38850415
