8 0.15711807 0.51049805 0.13975696 0.22302246
9 0.29687503 0.51049805 0.13975696 0.22302246
36 0.436632 0.51049805 0.13975696 0.22302246
22 0.5763889 0.51049805 0.13975696 0.22302246
13 0.7161458 0.51049805 0.13975696 0.22302246
2 0.85590285 0.51049805 0.13975692 0.22302246
1 0.13932292 0.7434082 0.1640625 0.25964355
2 0.3033854 0.7434082 0.1640625 0.25964355
4 0.4674479 0.7434082 0.1640625 0.25964355
37 0.5904948 0.7434082 0.08203125 0.25964355
3 0.7135417 0.7434082 0.1640625 0.25964355
0 0.8776042 0.7434082 0.1640625 0.25964355
