1 0.106065534 0.515625 0.12228731 0.27026367
5 0.22835284 0.515625 0.12228731 0.27026367
36 0.35064018 0.515625 0.12228733 0.27026367
22 0.47292748 0.515625 0.12228731 0.27026367
0 0.59521484 0.515625 0.12228731 0.27026367
1 0.7175021 0.515625 0.122287355 0.27026367
3 0.13849431 0.6894531 0.1532907 0.31567383
0 0.29178503 0.6894531 0.1532907 0.31567383
2 0.44507575 0.6894531 0.1532907 0.31567383
37 0.5600438 0.6894531 0.076645374 0.31567383
5 0.6750119 0.6894531 0.15329075 0.31567383
0 0.8283026 0.6894531 0.15329075 0.31567383
