2 0.14823349 0.26923078 0.13978496 0.30621302
3 0.28801847 0.26923078 0.13978496 0.30621302
36 0.42780343 0.26923078 0.13978496 0.30621302
22 0.5675883 0.26923078 0.13978492 0.30621302
13 0.70737326 0.26923078 0.13978492 0.30621302
1 0.84715825 0.26923078 0.13978492 0.30621302
0 0.12058371 0.70414203 0.14900152 0.3106509
37 0.23233485 0.70414203 0.07450078 0.3106509
1 0.34408602 0.70414203 0.14900151 0.3106509
6 0.49308753 0.70414203 0.14900151 0.3106509
37 0.6048387 0.70414203 0.07450079 0.3106509
0 0.71658987 0.70414203 0.14900151 0.3106509
9 0.8655913 0.70414203 0.14900151 0.3106509
