2 0.14893617 0.27455357 0.14184397 0.29129463
3 0.29078013 0.27455357 0.14184397 0.29129463
36 0.4326241 0.27455357 0.14184397 0.29129463
22 0.5744681 0.27455357 0.14184397 0.29129463
13 0.71631205 0.27455357 0.14184397 0.29129463
1 0.858156 0.27455357 0.14184397 0.29129463
0 0.11540942 0.72991073 0.16698903 0.31808037
1 0.28239843 0.72991073 0.16698903 0.31808037
4 0.44938746 0.72991073 0.16698903 0.31808037
37 0.57462925 0.72991073 0.08349452 0.31808037
7 0.69987106 0.72991073 0.16698904 0.31808037
3 0.8668601 0.72991073 0.16698904 0.31808037
