2 0.15688407 0.26347306 0.13985507 0.30538923
3 0.29673913 0.26347306 0.13985507 0.30538923
36 0.43659422 0.26347306 0.13985506 0.30538923
22 0.57644933 0.26347306 0.1398551 0.30538923
13 0.71630436 0.26347306 0.1398551 0.30538923
1 0.8561595 0.26347306 0.1398551 0.30538923
0 0.1367589 0.7335329 0.16047432 0.3008982
1 0.29723322 0.7335329 0.16047432 0.3008982
9 0.45770755 0.7335329 0.16047433 0.3008982
37 0.5780633 0.7335329 0.08023715 0.3008982
9 0.698419 0.7335329 0.1604743 0.3008982
9 0.8588933 0.7335329 0.1604743 0.3008982
