2 0.17457627 0.26881722 0.16271187 0.30645162
9 0.33728817 0.26881722 0.16271187 0.30645162
36 0.50000006 0.26881722 0.1627119 0.30645162
28 0.6627119 0.26881722 0.16271184 0.30645162
6 0.8254237 0.26881722 0.16271184 0.30645162
9 0.104006164 0.72043014 0.17411402 0.33870968
3 0.27812016 0.72043014 0.17411402 0.33870968
5 0.45223418 0.72043014 0.174114 0.33870968
37 0.58281964 0.72043014 0.08705702 0.33870968
0 0.7134052 0.72043014 0.17411403 0.33870968
2 0.88751924 0.72043014 0.17411403 0.33870968
