1 0.12190083 0.2556818 0.1446281 0.29829547
7 0.26652893 0.2556818 0.1446281 0.29829547
36 0.411157 0.2556818 0.1446281 0.29829547
22 0.5557851 0.2556818 0.1446281 0.29829547
0 0.7004132 0.2556818 0.1446281 0.29829547
2 0.84504133 0.2556818 0.1446281 0.29829547
0 0.101427495 0.66477275 0.16979714 0.33238637
1 0.27122462 0.66477275 0.16979714 0.33238637
0 0.44102174 0.66477275 0.16979712 0.33238637
37 0.56836957 0.66477275 0.084898576 0.33238637
7 0.6957175 0.66477275 0.16979715 0.33238637
4 0.86551464 0.66477275 0.16979715 0.33238637
