2 0.18469389 0.36021507 0.16530614 0.36290324
9 0.35000002 0.36021507 0.16530614 0.36290324
36 0.5153061 0.36021507 0.16530614 0.36290324
33 0.68061227 0.36021507 0.16530614 0.36290324
5 0.84591836 0.36021507 0.16530609 0.36290324
6 0.18089053 0.7258065 0.15769944 0.33064517
7 0.33858997 0.7258065 0.15769944 0.33064517
1 0.4962894 0.7258065 0.15769944 0.33064517
37 0.614564 0.7258065 0.078849755 0.33064517
4 0.73283863 0.7258065 0.15769944 0.33064517
7 0.89053804 0.7258065 0.15769944 0.33064517
