2 0.0959596 0.25925925 0.15151516 0.3148148
3 0.24747474 0.25925925 0.15151516 0.3148148
36 0.3989899 0.25925925 0.15151516 0.3148148
22 0.55050504 0.25925925 0.15151516 0.3148148
13 0.7020202 0.25925925 0.15151516 0.3148148
1 0.85353535 0.25925925 0.15151516 0.3148148
0 0.10835629 0.7037037 0.17630854 0.35185185
1 0.28466484 0.7037037 0.17630854 0.35185185
3 0.4609734 0.7037037 0.17630856 0.35185185
37 0.5932048 0.7037037 0.088154264 0.35185185
9 0.7254362 0.7037037 0.17630853 0.35185185
2 0.9017447 0.7037037 0.17630853 0.35185185
