2 0.12344528 0.3144654 0.14987563 0.31132075
9 0.27332088 0.3144654 0.14987563 0.31132075
36 0.42319652 0.3144654 0.14987561 0.31132075
22 0.5730722 0.3144654 0.14987564 0.31132075
0 0.7229478 0.3144654 0.14987564 0.31132075
2 0.8728235 0.3144654 0.14987564 0.31132075
2 0.14111263 0.7515723 0.16282225 0.25943395
0 0.30393487 0.7515723 0.16282225 0.25943395
2 0.46675715 0.7515723 0.16282225 0.25943395
37 0.5888738 0.7515723 0.08141111 0.25943395
4 0.7109904 0.7515723 0.16282226 0.25943395
6 0.8738128 0.7515723 0.16282226 0.25943395
