2 0.17611684 0.3188406 0.14604813 0.45652175
9 0.32216498 0.3188406 0.14604813 0.45652175
36 0.4682131 0.3188406 0.14604813 0.45652175
22 0.61426115 0.3188406 0.14604808 0.45652175
13 0.7603093 0.3188406 0.14604808 0.45652175
2 0.90635747 0.3188406 0.14604808 0.45652175
7 0.11152765 0.67391306 0.16119963 0.42391303
2 0.27272728 0.67391306 0.16119963 0.42391303
9 0.43392694 0.67391306 0.16119963 0.42391303
37 0.5548266 0.67391306 0.08059979 0.42391303
7 0.67572635 0.67391306 0.16119958 0.42391303
2 0.8369259 0.67391306 0.16119967 0.42391303
