2 0.18859649 0.27222222 0.15789473 0.31666666
9 0.34649122 0.27222222 0.15789473 0.31666666
36 0.50438595 0.27222222 0.15789473 0.31666666
14 0.6622807 0.27222222 0.15789473 0.31666666
2 0.8201754 0.27222222 0.15789473 0.31666666
6 0.115629986 0.71666664 0.16985646 0.30833334
8 0.28548646 0.71666664 0.16985646 0.30833334
5 0.4553429 0.71666664 0.16985646 0.30833334
37 0.58273524 0.71666664 0.084928244 0.30833334
6 0.7101276 0.71666664 0.16985649 0.30833334
2 0.8799841 0.71666664 0.16985643 0.30833334
