1 0.2269784 0.28350514 0.14460431 0.30927834
4 0.37158272 0.28350514 0.14460431 0.30927834
36 0.5161871 0.28350514 0.14460434 0.30927834
33 0.6607914 0.28350514 0.14460431 0.30927834
1 0.80539566 0.28350514 0.14460431 0.30927834
3 0.14486593 0.73195875 0.16023545 0.30927834
9 0.3051014 0.73195875 0.16023545 0.30927834
1 0.46533686 0.73195875 0.16023545 0.30927834
37 0.5855134 0.73195875 0.0801177 0.30927834
5 0.70569 0.73195875 0.16023545 0.30927834
4 0.86592543 0.73195875 0.16023545 0.30927834
