2 0.11989796 0.24157304 0.15816326 0.36235955
9 0.2780612 0.24157304 0.15816326 0.36235955
36 0.4362245 0.24157304 0.15816326 0.36235955
22 0.59438777 0.24157304 0.15816326 0.36235955
0 0.752551 0.24157304 0.15816326 0.36235955
2 0.91071427 0.24157304 0.15816326 0.36235955
8 0.08248299 0.69101125 0.16496599 0.41292134
37 0.20620747 0.69101125 0.082483 0.41292134
1 0.32993197 0.69101125 0.16496596 0.41292134
3 0.49489793 0.69101125 0.16496596 0.41292134
37 0.6186224 0.69101125 0.082483016 0.41292134
3 0.74234694 0.69101125 0.16496596 0.41292134
3 0.9073128 0.69101125 0.16496596 0.41292134
