8 0.17239185 0.2647059 0.14631042 0.30882353
9 0.31870225 0.2647059 0.14631042 0.30882353
36 0.4650127 0.2647059 0.14631045 0.30882353
22 0.6113231 0.2647059 0.14631042 0.30882353
0 0.75763357 0.2647059 0.14631042 0.30882353
1 0.90394396 0.2647059 0.14631042 0.30882353
1 0.16655101 0.6911765 0.16516308 0.375
9 0.33171406 0.6911765 0.16516308 0.375
1 0.4968772 0.6911765 0.16516306 0.375
37 0.6207494 0.6911765 0.08258156 0.375
6 0.7446218 0.6911765 0.16516306 0.375
7 0.90978485 0.6911765 0.16516311 0.375
