9 0.21944445 0.25706214 0.15185185 0.30084747
5 0.3712963 0.25706214 0.15185185 0.30084747
36 0.5231481 0.25706214 0.15185183 0.30084747
14 0.67499995 0.25706214 0.15185186 0.30084747
10 0.8268519 0.25706214 0.15185186 0.30084747
0 0.12710439 0.71468925 0.17087543 0.30932203
1 0.2979798 0.71468925 0.17087543 0.30932203
6 0.46885526 0.71468925 0.17087545 0.30932203
37 0.59701186 0.71468925 0.08543771 0.30932203
2 0.72516835 0.71468925 0.17087542 0.30932203
4 0.8960438 0.71468925 0.17087542 0.30932203
