3 0.17857143 0.34210527 0.14285715 0.375
6 0.32142857 0.34210527 0.14285715 0.375
36 0.4642857 0.34210527 0.14285715 0.375
22 0.60714287 0.34210527 0.14285715 0.375
13 0.75 0.34210527 0.14285715 0.375
1 0.89285713 0.34210527 0.14285715 0.375
4 0.1417749 0.71710527 0.16450217 0.3848684
7 0.30627704 0.71710527 0.16450217 0.3848684
0 0.47077924 0.71710527 0.16450214 0.3848684
37 0.5941558 0.71710527 0.082251094 0.3848684
3 0.71753246 0.71710527 0.16450214 0.3848684
7 0.88203466 0.71710527 0.16450219 0.3848684
