2 0.20318021 0.27136752 0.14487633 0.30448717
9 0.34805652 0.27136752 0.14487633 0.30448717
36 0.49293286 0.27136752 0.14487633 0.30448717
20 0.6378092 0.27136752 0.14487633 0.30448717
1 0.7826855 0.27136752 0.14487633 0.30448717
1 0.18760039 0.70726496 0.15611953 0.33653846
3 0.3437199 0.70726496 0.15611953 0.33653846
4 0.49983937 0.70726496 0.1561195 0.33653846
37 0.616929 0.70726496 0.07805976 0.33653846
1 0.7340187 0.70726496 0.15611953 0.33653846
5 0.89013815 0.70726496 0.15611947 0.33653846
