3 0.17916666 0.3442623 0.16388887 0.36885247
5 0.34305555 0.3442623 0.16388887 0.36885247
36 0.5069444 0.3442623 0.1638889 0.36885247
8 0.67083335 0.3442623 0.16388887 0.36885247
3 0.8347222 0.3442623 0.16388887 0.36885247
6 0.16287878 0.74590164 0.15909089 0.30737704
2 0.32196966 0.74590164 0.15909089 0.30737704
7 0.48106062 0.74590164 0.15909092 0.30737704
37 0.60037875 0.74590164 0.079545446 0.30737704
7 0.71969694 0.74590164 0.15909089 0.30737704
2 0.8787879 0.74590164 0.15909094 0.30737704
