3 0.23563218 0.29107982 0.14176245 0.28873238
6 0.37739465 0.29107982 0.14176245 0.28873238
36 0.5191571 0.29107982 0.14176245 0.28873238
11 0.66091955 0.29107982 0.14176245 0.28873238
8 0.802682 0.29107982 0.14176245 0.28873238
1 0.16335772 0.71596247 0.15813306 0.32042253
8 0.32149076 0.71596247 0.15813306 0.32042253
6 0.47962382 0.71596247 0.15813303 0.32042253
37 0.59822357 0.71596247 0.079066545 0.32042253
1 0.7168234 0.71596247 0.15813303 0.32042253
0 0.8749564 0.71596247 0.15813309 0.32042253
