2 0.11348408 0.26712328 0.1566164 0.40068492
9 0.27010047 0.26712328 0.1566164 0.40068492
36 0.42671686 0.26712328 0.1566164 0.40068492
22 0.5833334 0.26712328 0.15661643 0.40068492
0 0.73994976 0.26712328 0.15661643 0.40068492
1 0.8965661 0.26712328 0.15661643 0.40068492
9 0.10050251 0.7226027 0.17085427 0.40582192
0 0.2713568 0.7226027 0.17085427 0.40582192
4 0.44221106 0.7226027 0.17085427 0.40582192
37 0.5703518 0.7226027 0.085427135 0.40582192
9 0.69849247 0.7226027 0.17085427 0.40582192
5 0.86934674 0.7226027 0.17085427 0.40582192
