9 0.13745706 0.30952382 0.15120277 0.35714287
8 0.2886598 0.30952382 0.15120277 0.35714287
36 0.4398626 0.30952382 0.15120277 0.35714287
22 0.5910653 0.30952382 0.15120272 0.35714287
0 0.742268 0.30952382 0.15120272 0.35714287
7 0.8934708 0.30952382 0.15120272 0.35714287
0 0.11621368 0.7202381 0.17057168 0.3482143
3 0.28678536 0.7202381 0.17057168 0.3482143
3 0.45735702 0.7202381 0.17057167 0.3482143
37 0.58528584 0.7202381 0.08528586 0.3482143
2 0.7132146 0.7202381 0.17057171 0.3482143
1 0.8837863 0.7202381 0.17057171 0.3482143
