2 0.10466989 0.28947368 0.15136877 0.35526314
3 0.25603867 0.28947368 0.15136877 0.35526314
36 0.40740746 0.28947368 0.15136877 0.35526314
22 0.55877614 0.28947368 0.15136874 0.35526314
0 0.71014494 0.28947368 0.15136874 0.35526314
1 0.86151373 0.28947368 0.15136874 0.35526314
0 0.1198946 0.71929824 0.17215635 0.35964912
1 0.29205093 0.71929824 0.17215635 0.35964912
5 0.4642073 0.71929824 0.17215633 0.35964912
37 0.59332454 0.71929824 0.086078145 0.35964912
6 0.72244173 0.71929824 0.17215636 0.35964912
7 0.8945982 0.71929824 0.17215636 0.35964912
