2 0.1190205 0.28706625 0.15148064 0.4164038
9 0.27050114 0.28706625 0.15148064 0.4164038
36 0.42198178 0.28706625 0.15148064 0.4164038
22 0.5734624 0.28706625 0.15148064 0.4164038
13 0.72494304 0.28706625 0.15148064 0.4164038
2 0.8764237 0.28706625 0.15148064 0.4164038
3 0.16338786 0.69085175 0.16276662 0.39274448
2 0.3261545 0.69085175 0.16276662 0.39274448
5 0.48892108 0.69085175 0.16276662 0.39274448
37 0.61099607 0.69085175 0.081383325 0.39274448
4 0.733071 0.69085175 0.16276665 0.39274448
8 0.89583766 0.69085175 0.16276658 0.39274448
