2 0.14812647 0.2576687 0.14168619 0.303681
9 0.28981265 0.2576687 0.14168619 0.303681
36 0.43149883 0.2576687 0.14168619 0.303681
22 0.573185 0.2576687 0.14168619 0.303681
0 0.71487117 0.2576687 0.14168619 0.303681
1 0.85655737 0.2576687 0.14168619 0.303681
0 0.1603151 0.7162577 0.15669575 0.28297547
2 0.31701085 0.7162577 0.15669575 0.28297547
0 0.4737066 0.7162577 0.15669575 0.28297547
37 0.5912284 0.7162577 0.078347914 0.28297547
6 0.70875025 0.7162577 0.15669575 0.28297547
8 0.8654459 0.7162577 0.15669575 0.28297547
