2 0.2477528 0.33536586 0.13595507 0.27439025
4 0.38370788 0.33536586 0.13595507 0.27439025
36 0.5196629 0.33536586 0.13595508 0.27439025
1 0.655618 0.33536586 0.13595504 0.27439025
1 0.791573 0.33536586 0.13595504 0.27439025
1 0.16802861 0.70731705 0.14504598 0.29268292
1 0.3130746 0.70731705 0.14504598 0.29268292
1 0.45812052 0.70731705 0.14504598 0.29268292
37 0.56690496 0.70731705 0.07252297 0.29268292
1 0.67568946 0.70731705 0.14504594 0.29268292
2 0.82073545 0.70731705 0.14504594 0.29268292
