1 0.18468468 0.24484536 0.122265115 0.23582475
4 0.3069498 0.24484536 0.122265115 0.23582475
36 0.4292149 0.24484536 0.122265115 0.23582475
22 0.5514801 0.24484536 0.122265145 0.23582475
24 0.67374516 0.24484536 0.122265145 0.23582475
2 0.79601026 0.24484536 0.122265145 0.23582475
1 0.16216215 0.61340207 0.14671814 0.30927834
8 0.3088803 0.61340207 0.14671814 0.30927834
2 0.45559844 0.61340207 0.14671814 0.30927834
37 0.56563705 0.61340207 0.07335907 0.30927834
9 0.6756757 0.61340207 0.14671814 0.30927834
8 0.82239383 0.61340207 0.14671814 0.30927834
