2 0.10032363 0.3067227 0.14239484 0.2710084
9 0.24271846 0.3067227 0.14239484 0.2710084
36 0.38511333 0.3067227 0.14239484 0.2710084
22 0.52750814 0.3067227 0.14239484 0.2710084
0 0.6699029 0.3067227 0.14239484 0.2710084
1 0.81229776 0.3067227 0.1423948 0.2710084
4 0.14298323 0.65966386 0.16946161 0.29621848
8 0.31244487 0.65966386 0.16946161 0.29621848
5 0.48190647 0.65966386 0.16946162 0.29621848
37 0.60900265 0.65966386 0.0847308 0.29621848
4 0.7360989 0.65966386 0.1694616 0.29621848
2 0.9055605 0.65966386 0.1694616 0.29621848
