7 0.13160919 0.24489796 0.13908045 0.30612245
3 0.27068967 0.24489796 0.13908045 0.30612245
36 0.4097701 0.24489796 0.13908046 0.30612245
22 0.54885054 0.24489796 0.13908044 0.30612245
13 0.68793106 0.24489796 0.13908044 0.30612245
6 0.82701147 0.24489796 0.1390805 0.30612245
9 0.10909091 0.71428573 0.1630094 0.35204083
9 0.2721003 0.71428573 0.1630094 0.35204083
9 0.4351097 0.71428573 0.16300938 0.35204083
37 0.5573667 0.71428573 0.08150472 0.35204083
9 0.67962384 0.71428573 0.16300938 0.35204083
9 0.8426332 0.71428573 0.16300943 0.35204083
