2 0.14503206 0.2914573 0.14583334 0.31658292
3 0.2908654 0.2914573 0.14583334 0.31658292
36 0.43669876 0.2914573 0.14583334 0.31658292
22 0.58253205 0.2914573 0.14583331 0.31658292
0 0.72836536 0.2914573 0.14583331 0.31658292
1 0.8741988 0.2914573 0.14583331 0.31658292
0 0.084790215 0.7160804 0.16958043 0.3580402
1 0.25437063 0.7160804 0.16958043 0.3580402
5 0.4239511 0.7160804 0.16958043 0.3580402
37 0.5511364 0.7160804 0.08479019 0.3580402
2 0.6783217 0.7160804 0.16958039 0.3580402
7 0.84790206 0.7160804 0.16958046 0.3580402
