2 0.13835877 0.28313252 0.13931298 0.30722892
3 0.27767175 0.28313252 0.13931298 0.30722892
36 0.41698474 0.28313252 0.13931298 0.30722892
22 0.5562977 0.28313252 0.13931298 0.30722892
13 0.6956107 0.28313252 0.13931298 0.30722892
1 0.8349237 0.28313252 0.13931298 0.30722892
0 0.14954892 0.7078313 0.16169326 0.33885542
2 0.3112422 0.7078313 0.16169326 0.33885542
5 0.47293544 0.7078313 0.16169327 0.33885542
37 0.59420544 0.7078313 0.08084665 0.33885542
0 0.71547544 0.7078313 0.16169326 0.33885542
2 0.8771686 0.7078313 0.16169326 0.33885542
