2 0.11164274 0.30339807 0.14673045 0.2803398
9 0.2583732 0.30339807 0.14673045 0.2803398
36 0.40510362 0.30339807 0.14673045 0.2803398
22 0.55183417 0.30339807 0.14673048 0.2803398
0 0.6985646 0.30339807 0.14673048 0.2803398
2 0.845295 0.30339807 0.14673048 0.2803398
2 0.1491953 0.7063107 0.16441931 0.29490292
1 0.3136146 0.7063107 0.16441931 0.29490292
9 0.4780339 0.7063107 0.16441932 0.29490292
37 0.60134846 0.7063107 0.082209684 0.29490292
1 0.72466296 0.7063107 0.1644193 0.29490292
0 0.8890822 0.7063107 0.1644193 0.29490292
