1 0.20290698 0.28996283 0.14999999 0.38475835
4 0.35290697 0.28996283 0.14999999 0.38475835
36 0.502907 0.28996283 0.14999998 0.38475835
33 0.65290695 0.28996283 0.15000002 0.38475835
1 0.802907 0.28996283 0.15000002 0.38475835
3 0.10597251 0.72490704 0.16543339 0.39033458
9 0.2714059 0.72490704 0.16543339 0.39033458
1 0.43683934 0.72490704 0.16543342 0.39033458
37 0.5609144 0.72490704 0.082716696 0.39033458
5 0.68498945 0.72490704 0.16543339 0.39033458
4 0.85042286 0.72490704 0.16543339 0.39033458
