1 0.11552309 0.24342105 0.14210081 0.3651316
4 0.2576239 0.24342105 0.14210081 0.3651316
36 0.39972475 0.24342105 0.14210081 0.3651316
23 0.54182553 0.24342105 0.14210081 0.3651316
0 0.6839263 0.24342105 0.14210081 0.3651316
1 0.82602715 0.24342105 0.14210078 0.3651316
0 0.09079357 0.6754386 0.18158714 0.48464912
4 0.27238074 0.6754386 0.18158714 0.48464912
8 0.45396787 0.6754386 0.18158714 0.48464912
37 0.5901582 0.6754386 0.090793595 0.48464912
8 0.7263486 0.6754386 0.18158719 0.48464912
0 0.9079358 0.6754386 0.18158711 0.48464912
