2 0.14075202 0.2777778 0.1473577 0.32575756
3 0.28810972 0.2777778 0.1473577 0.32575756
36 0.43546745 0.2777778 0.14735773 0.32575756
22 0.5828252 0.2777778 0.1473577 0.32575756
0 0.73018295 0.2777778 0.1473577 0.32575756
1 0.8775406 0.2777778 0.14735776 0.32575756
0 0.116407976 0.6818182 0.17184034 0.38636363
1 0.28824833 0.6818182 0.17184034 0.38636363
5 0.46008867 0.6818182 0.17184037 0.38636363
37 0.588969 0.6818182 0.08592019 0.38636363
6 0.71784925 0.6818182 0.17184038 0.38636363
7 0.88968956 0.6818182 0.17184038 0.38636363
