1 0.12136753 0.2958115 0.15042736 0.42015707
5 0.2717949 0.2958115 0.15042736 0.42015707
36 0.4222223 0.2958115 0.15042736 0.42015707
22 0.5726496 0.2958115 0.15042736 0.42015707
0 0.72307694 0.2958115 0.15042736 0.42015707
2 0.87350434 0.2958115 0.15042733 0.42015707
0 0.08438229 0.67277485 0.16876458 0.42801046
4 0.25314686 0.67277485 0.16876458 0.42801046
1 0.42191148 0.67277485 0.16876459 0.42801046
37 0.54848486 0.67277485 0.08438228 0.42801046
1 0.6750583 0.67277485 0.16876456 0.42801046
7 0.84382284 0.67277485 0.16876456 0.42801046
