2 0.13931298 0.28921568 0.14122137 0.30147058
8 0.28053436 0.28921568 0.14122137 0.30147058
36 0.42175573 0.28921568 0.14122137 0.30147058
22 0.5629771 0.28921568 0.14122137 0.30147058
13 0.7041985 0.28921568 0.14122137 0.30147058
1 0.8454198 0.28921568 0.14122137 0.30147058
0 0.1575295 0.70098037 0.16238724 0.34558824
4 0.31991673 0.70098037 0.16238724 0.34558824
3 0.48230398 0.70098037 0.16238724 0.34558824
37 0.6040944 0.70098037 0.08119359 0.34558824
7 0.7258848 0.70098037 0.16238724 0.34558824
9 0.888272 0.70098037 0.16238724 0.34558824
