4 0.1592088 0.25862068 0.1316472 0.36206895
1 0.29085603 0.25862068 0.1316472 0.36206895
36 0.42250323 0.25862068 0.13164721 0.36206895
22 0.5541504 0.25862068 0.13164718 0.36206895
13 0.6857977 0.25862068 0.13164718 0.36206895
1 0.8174448 0.25862068 0.13164718 0.36206895
1 0.18995403 0.70977014 0.15422711 0.38362068
2 0.34418112 0.70977014 0.15422711 0.38362068
0 0.49840823 0.70977014 0.15422708 0.38362068
37 0.6140785 0.70977014 0.077113524 0.38362068
8 0.7297488 0.70977014 0.15422711 0.38362068
7 0.883976 0.70977014 0.15422711 0.38362068
