9 0.31024846 0.2948718 0.09875777 0.30769232
8 0.40900624 0.2948718 0.09875777 0.30769232
36 0.507764 0.2948718 0.09875777 0.30769232
20 0.6065217 0.2948718 0.09875777 0.30769232
1 0.7052795 0.2948718 0.09875777 0.30769232
0 0.2902315 0.72115386 0.095990956 0.28365386
2 0.38622245 0.72115386 0.095990956 0.28365386
8 0.4822134 0.72115386 0.095990956 0.28365386
37 0.5542066 0.72115386 0.047995478 0.28365386
9 0.6261999 0.72115386 0.095990956 0.28365386
7 0.72219086 0.72115386 0.095990956 0.28365386
