2 0.1595092 0.2881356 0.14723927 0.31779662
9 0.30674848 0.2881356 0.14723927 0.31779662
36 0.45398772 0.2881356 0.14723927 0.31779662
22 0.601227 0.2881356 0.14723927 0.31779662
0 0.74846625 0.2881356 0.14723927 0.31779662
1 0.8957055 0.2881356 0.14723927 0.31779662
9 0.13385388 0.7288136 0.16954824 0.34322035
1 0.3034021 0.7288136 0.16954824 0.34322035
1 0.47295037 0.7288136 0.16954823 0.34322035
37 0.6001115 0.7288136 0.08477414 0.34322035
4 0.72727275 0.7288136 0.16954823 0.34322035
8 0.896821 0.7288136 0.16954827 0.34322035
