5 0.17323944 0.25480768 0.14929578 0.33894232
0 0.32253525 0.25480768 0.14929578 0.33894232
36 0.471831 0.25480768 0.1492958 0.33894232
23 0.6211268 0.25480768 0.14929575 0.33894232
1 0.7704225 0.25480768 0.14929575 0.33894232
9 0.12483995 0.72115386 0.16517286 0.34615386
9 0.2900128 0.72115386 0.16517286 0.34615386
9 0.45518568 0.72115386 0.16517287 0.34615386
37 0.5790653 0.72115386 0.08258642 0.34615386
9 0.70294493 0.72115386 0.16517285 0.34615386
9 0.8681178 0.72115386 0.16517285 0.34615386
