1 0.18289639 0.2936893 0.14107367 0.29490292
4 0.32397008 0.2936893 0.14107367 0.29490292
36 0.46504372 0.2936893 0.14107364 0.29490292
22 0.60611737 0.2936893 0.14107367 0.29490292
0 0.747191 0.2936893 0.14107367 0.29490292
8 0.8882647 0.2936893 0.14107361 0.29490292
6 0.11780729 0.73058254 0.16819884 0.30946603
0 0.28600615 0.73058254 0.16819884 0.30946603
6 0.454205 0.73058254 0.16819885 0.30946603
37 0.58035415 0.73058254 0.08409942 0.30946603
0 0.7065033 0.73058254 0.16819884 0.30946603
7 0.8747021 0.73058254 0.16819884 0.30946603
