7 0.14648438 0.25345623 0.13671875 0.33525345
5 0.28320312 0.25345623 0.13671875 0.33525345
36 0.41992188 0.25345623 0.13671875 0.33525345
22 0.5566406 0.25345623 0.13671875 0.33525345
0 0.6933594 0.25345623 0.13671875 0.33525345
1 0.8300781 0.25345623 0.13671875 0.33525345
0 0.1049716 0.6935484 0.17869319 0.39746544
0 0.28366476 0.6935484 0.17869319 0.39746544
0 0.46235794 0.6935484 0.17869318 0.39746544
37 0.59637785 0.6935484 0.0893466 0.39746544
1 0.7303977 0.6935484 0.17869315 0.39746544
9 0.9090909 0.6935484 0.1786932 0.39746544
