2 0.14761905 0.32795697 0.16190477 0.33064517
9 0.30952382 0.32795697 0.16190477 0.33064517
36 0.47142857 0.32795697 0.16190477 0.33064517
31 0.6333333 0.32795697 0.16190477 0.33064517
5 0.7952381 0.32795697 0.16190477 0.33064517
3 0.10216451 0.6989247 0.16623378 0.30645162
0 0.26839828 0.6989247 0.16623378 0.30645162
3 0.43463206 0.6989247 0.1662338 0.30645162
37 0.5593074 0.6989247 0.083116874 0.30645162
9 0.68398273 0.6989247 0.16623375 0.30645162
9 0.85021645 0.6989247 0.16623375 0.30645162
