2 0.15201466 0.2919708 0.13919415 0.37226278
3 0.2912088 0.2919708 0.13919415 0.37226278
36 0.430403 0.2919708 0.13919415 0.37226278
22 0.5695971 0.2919708 0.13919415 0.37226278
0 0.7087912 0.2919708 0.13919415 0.37226278
1 0.8479854 0.2919708 0.13919412 0.37226278
0 0.11888112 0.67518246 0.16083917 0.39963505
0 0.27972028 0.67518246 0.16083917 0.39963505
5 0.44055948 0.67518246 0.16083917 0.39963505
37 0.5611888 0.67518246 0.08041956 0.39963505
8 0.6818181 0.67518246 0.16083913 0.39963505
7 0.8426573 0.67518246 0.1608392 0.39963505
