2 0.18891059 0.48242188 0.09657117 0.15600586
9 0.28548175 0.48242188 0.09657117 0.15600586
36 0.3820529 0.48242188 0.09657117 0.15600586
22 0.4786241 0.48242188 0.09657117 0.15600586
0 0.5751953 0.48242188 0.09657117 0.15600586
1 0.67176646 0.48242188 0.09657121 0.15600586
8 0.19921875 0.6574707 0.109375 0.16516113
2 0.30859375 0.6574707 0.109375 0.16516113
8 0.41796875 0.6574707 0.109375 0.16516113
37 0.5 0.6574707 0.0546875 0.16516113
3 0.58203125 0.6574707 0.109375 0.16516113
3 0.69140625 0.6574707 0.109375 0.16516113
