2 0.08478261 0.24074075 0.1521739 0.3611111
9 0.23695652 0.24074075 0.1521739 0.3611111
36 0.38913044 0.24074075 0.1521739 0.3611111
22 0.54130435 0.24074075 0.1521739 0.3611111
0 0.6934783 0.24074075 0.1521739 0.3611111
2 0.84565216 0.24074075 0.1521739 0.3611111
2 0.08695652 0.70987654 0.17391305 0.39814815
1 0.26086956 0.70987654 0.17391305 0.39814815
2 0.4347826 0.70987654 0.17391305 0.39814815
37 0.5652174 0.70987654 0.08695652 0.39814815
0 0.6956522 0.70987654 0.17391305 0.39814815
7 0.8695652 0.70987654 0.17391305 0.39814815
