3 0.14862385 0.27040815 0.16880734 0.34438777
7 0.31743118 0.27040815 0.16880734 0.34438777
36 0.48623854 0.27040815 0.16880731 0.34438777
11 0.6550458 0.27040815 0.16880736 0.34438777
3 0.82385325 0.27040815 0.16880736 0.34438777
1 0.08840701 0.68877554 0.17681402 0.32908162
1 0.26522103 0.68877554 0.17681402 0.32908162
4 0.44203505 0.68877554 0.17681402 0.32908162
37 0.5746455 0.68877554 0.08840697 0.32908162
4 0.7072561 0.68877554 0.17681402 0.32908162
4 0.88407004 0.68877554 0.17681402 0.32908162
