3 0.22463053 0.24924472 0.13891625 0.33308157
8 0.36354682 0.24924472 0.13891625 0.33308157
36 0.50246304 0.24924472 0.13891628 0.33308157
33 0.64137936 0.24924472 0.13891624 0.33308157
1 0.78029555 0.24924472 0.13891624 0.33308157
0 0.08978952 0.72205436 0.15494849 0.38066465
8 0.24473801 0.72205436 0.15494849 0.38066465
9 0.39968652 0.72205436 0.15494849 0.38066465
37 0.5158979 0.72205436 0.077474244 0.38066465
8 0.6321092 0.72205436 0.15494849 0.38066465
8 0.7870578 0.72205436 0.15494849 0.38066465
