3 0.11488674 0.27631578 0.15210357 0.35526314
5 0.2669903 0.27631578 0.15210357 0.35526314
36 0.4190939 0.27631578 0.15210357 0.35526314
22 0.5711974 0.27631578 0.15210353 0.35526314
13 0.723301 0.27631578 0.15210353 0.35526314
2 0.8754046 0.27631578 0.15210353 0.35526314
0 0.14210062 0.7236842 0.16769639 0.33552632
5 0.30979702 0.7236842 0.16769639 0.33552632
4 0.4774934 0.7236842 0.16769639 0.33552632
37 0.60326564 0.7236842 0.083848156 0.33552632
5 0.729038 0.7236842 0.16769639 0.33552632
0 0.8967344 0.7236842 0.16769639 0.33552632
