2 0.09102564 0.2874016 0.16153847 0.43110237
9 0.2525641 0.2874016 0.16153847 0.43110237
36 0.41410255 0.2874016 0.16153847 0.43110237
22 0.57564104 0.2874016 0.16153847 0.43110237
30 0.73717946 0.2874016 0.16153847 0.43110237
29 0.89871794 0.2874016 0.16153847 0.43110237
3 0.11375292 0.68110234 0.17622377 0.46653542
3 0.2899767 0.68110234 0.17622377 0.46653542
8 0.46620044 0.68110234 0.1762238 0.46653542
37 0.59836835 0.68110234 0.08811188 0.46653542
9 0.7305361 0.68110234 0.1762238 0.46653542
6 0.90675986 0.68110234 0.17622375 0.46653542
