2 0.15822072 0.2688679 0.14076579 0.33254716
9 0.29898652 0.2688679 0.14076579 0.33254716
36 0.43975228 0.2688679 0.14076576 0.33254716
22 0.58051807 0.2688679 0.14076579 0.33254716
13 0.7212838 0.2688679 0.14076579 0.33254716
1 0.8620496 0.2688679 0.14076573 0.33254716
2 0.1320639 0.7264151 0.1695332 0.3254717
1 0.3015971 0.7264151 0.1695332 0.3254717
2 0.47113022 0.7264151 0.16953316 0.3254717
37 0.59828013 0.7264151 0.0847666 0.3254717
3 0.72543 0.7264151 0.1695332 0.3254717
0 0.89496315 0.7264151 0.16953313 0.3254717
