3 0.28951824 0.5703125 0.08815106 0.10913086
6 0.3776693 0.5703125 0.08815106 0.10913086
36 0.4658203 0.5703125 0.088151015 0.10913086
22 0.55397135 0.5703125 0.08815106 0.10913086
14 0.6421224 0.5703125 0.08815106 0.10913086
3 0.28888494 0.7219238 0.093394876 0.119018555
5 0.38227978 0.7219238 0.093394876 0.119018555
5 0.47567472 0.7219238 0.093394876 0.119018555
37 0.5457209 0.7219238 0.046697456 0.119018555
2 0.61576706 0.7219238 0.093394876 0.119018555
0 0.70916194 0.7219238 0.093394876 0.119018555
