1 0.36121964 0.27941176 0.084418416 0.282754
7 0.44563803 0.27941176 0.084418416 0.282754
36 0.5300565 0.27941176 0.084418416 0.282754
22 0.61447483 0.27941176 0.084418416 0.282754
0 0.69889325 0.27941176 0.084418416 0.282754
7 0.78331167 0.27941176 0.08441838 0.282754
8 0.36458334 0.6737968 0.09375 0.2647059
8 0.45833334 0.6737968 0.09375 0.2647059
8 0.5520833 0.6737968 0.09375 0.2647059
37 0.6223958 0.6737968 0.046875 0.2647059
8 0.6927083 0.6737968 0.09375 0.2647059
8 0.7864583 0.6737968 0.09375 0.2647059
