2 0.16136363 0.26649746 0.14090909 0.35406092
9 0.30227274 0.26649746 0.14090909 0.35406092
36 0.4431818 0.26649746 0.1409091 0.35406092
14 0.58409095 0.26649746 0.14090908 0.35406092
1 0.72499996 0.26649746 0.14090908 0.35406092
8 0.18078512 0.7233502 0.15702479 0.39213198
6 0.33780992 0.7233502 0.15702479 0.39213198
2 0.49483466 0.7233502 0.15702479 0.39213198
37 0.61260325 0.7233502 0.07851242 0.39213198
0 0.7303719 0.7233502 0.15702479 0.39213198
2 0.88739675 0.7233502 0.15702479 0.39213198
