2 0.1823077 0.30639097 0.1723077 0.45958647
9 0.3546154 0.30639097 0.1723077 0.45958647
36 0.52692306 0.30639097 0.17230767 0.45958647
20 0.69923073 0.30639097 0.1723077 0.45958647
1 0.87153846 0.30639097 0.1723077 0.45958647
2 0.086363636 0.66541356 0.17272727 0.49624062
1 0.25909093 0.66541356 0.17272727 0.49624062
1 0.43181822 0.66541356 0.17272729 0.49624062
37 0.5613637 0.66541356 0.08636363 0.49624062
6 0.6909091 0.66541356 0.17272726 0.49624062
6 0.8636364 0.66541356 0.17272726 0.49624062
