2 0.21555555 0.28512397 0.15333332 0.29752067
9 0.36888885 0.28512397 0.15333332 0.29752067
36 0.5222222 0.28512397 0.15333332 0.29752067
8 0.6755556 0.28512397 0.15333337 0.29752067
1 0.8288889 0.28512397 0.15333337 0.29752067
5 0.17626262 0.69214875 0.16363636 0.32541323
6 0.33989897 0.69214875 0.16363636 0.32541323
8 0.50353533 0.69214875 0.16363636 0.32541323
37 0.62626266 0.69214875 0.08181818 0.32541323
5 0.7489899 0.69214875 0.16363636 0.32541323
0 0.9126263 0.69214875 0.16363636 0.32541323
