2 0.14760837 0.24857143 0.14275038 0.28714284
3 0.29035875 0.24857143 0.14275038 0.28714284
36 0.43310916 0.24857143 0.14275038 0.28714284
22 0.5758594 0.24857143 0.14275035 0.28714284
13 0.71860987 0.24857143 0.14275035 0.28714284
1 0.8613603 0.24857143 0.14275035 0.28714284
0 0.12963718 0.68 0.16958825 0.35142857
0 0.29922545 0.68 0.16958825 0.35142857
7 0.46881372 0.68 0.16958827 0.35142857
37 0.5960049 0.68 0.08479412 0.35142857
2 0.723196 0.68 0.16958824 0.35142857
6 0.8927843 0.68 0.16958824 0.35142857
