2 0.12457913 0.2621951 0.14814816 0.375
9 0.27272728 0.2621951 0.14814816 0.375
36 0.42087546 0.2621951 0.14814816 0.375
22 0.5690236 0.2621951 0.14814816 0.375
0 0.7171717 0.2621951 0.14814816 0.375
1 0.8653199 0.2621951 0.14814812 0.375
4 0.13590449 0.7134146 0.17079888 0.3567073
3 0.3067034 0.7134146 0.17079888 0.3567073
3 0.47750232 0.7134146 0.17079891 0.3567073
37 0.60560143 0.7134146 0.085399434 0.3567073
5 0.73370063 0.7134146 0.17079887 0.3567073
2 0.9044995 0.7134146 0.17079887 0.3567073
