2 0.2766467 0.27483442 0.1461078 0.34271523
9 0.42275453 0.27483442 0.1461078 0.34271523
36 0.56886226 0.27483442 0.1461078 0.34271523
20 0.71497005 0.27483442 0.14610775 0.34271523
1 0.86107785 0.27483442 0.14610775 0.34271523
1 0.14752313 0.69205296 0.16330975 0.38245034
3 0.3108329 0.69205296 0.16330975 0.38245034
4 0.47414267 0.69205296 0.16330975 0.38245034
37 0.596625 0.69205296 0.081654854 0.38245034
1 0.7191072 0.69205296 0.16330971 0.38245034
5 0.88241696 0.69205296 0.1633098 0.38245034
