3 0.14524765 0.27513227 0.145917 0.2936508
6 0.29116467 0.27513227 0.145917 0.2936508
36 0.43708163 0.27513227 0.14591701 0.2936508
22 0.58299863 0.27513227 0.14591698 0.2936508
13 0.7289157 0.27513227 0.14591698 0.2936508
1 0.8748326 0.27513227 0.14591698 0.2936508
3 0.135816 0.71428573 0.16721432 0.31746033
8 0.3030303 0.71428573 0.16721432 0.31746033
1 0.47024462 0.71428573 0.1672143 0.31746033
37 0.5956553 0.71428573 0.08360714 0.31746033
5 0.721066 0.71428573 0.16721433 0.31746033
8 0.8882804 0.71428573 0.16721433 0.31746033
