8 0.19444445 0.26373628 0.15079366 0.34615386
8 0.3452381 0.26373628 0.15079366 0.34615386
36 0.49603173 0.26373628 0.15079366 0.34615386
10 0.6468254 0.26373628 0.15079366 0.34615386
11 0.79761904 0.26373628 0.15079366 0.34615386
3 0.11688312 0.72527474 0.17027417 0.36263737
0 0.2871573 0.72527474 0.17027417 0.36263737
9 0.4574315 0.72527474 0.17027418 0.36263737
37 0.5851371 0.72527474 0.08513708 0.36263737
9 0.7128427 0.72527474 0.17027415 0.36263737
0 0.8831169 0.72527474 0.17027415 0.36263737
