3 0.17378049 0.28688523 0.15243903 0.35655737
6 0.3262195 0.28688523 0.15243903 0.35655737
36 0.47865853 0.28688523 0.15243903 0.35655737
22 0.63109756 0.28688523 0.15243903 0.35655737
1 0.7835366 0.28688523 0.15243903 0.35655737
2 0.13802661 0.72540987 0.16629712 0.36270493
2 0.30432373 0.72540987 0.16629712 0.36270493
2 0.47062087 0.72540987 0.16629712 0.36270493
37 0.5953437 0.72540987 0.08314854 0.36270493
2 0.7200665 0.72540987 0.16629708 0.36270493
2 0.8863636 0.72540987 0.16629717 0.36270493
