2 0.08432148 0.335206 0.15283269 0.2724719
9 0.23715416 0.335206 0.15283269 0.2724719
36 0.38998684 0.335206 0.15283266 0.2724719
22 0.54281956 0.335206 0.1528327 0.2724719
0 0.6956522 0.335206 0.1528327 0.2724719
1 0.84848493 0.335206 0.1528327 0.2724719
5 0.13007544 0.6966292 0.1731944 0.28651685
2 0.30326986 0.6966292 0.1731944 0.28651685
0 0.47646424 0.6966292 0.17319441 0.28651685
37 0.60636 0.6966292 0.08659719 0.28651685
7 0.7362558 0.6966292 0.17319438 0.28651685
2 0.9094502 0.6966292 0.17319438 0.28651685
