6 0.21022727 0.32467532 0.14772727 0.35064936
9 0.35795453 0.32467532 0.14772727 0.35064936
36 0.5056818 0.32467532 0.14772727 0.35064936
0 0.65340906 0.32467532 0.14772727 0.35064936
1 0.8011364 0.32467532 0.14772727 0.35064936
5 0.17045455 0.73376626 0.1590909 0.37987012
1 0.32954547 0.73376626 0.1590909 0.37987012
5 0.48863637 0.73376626 0.1590909 0.37987012
37 0.60795456 0.73376626 0.07954545 0.37987012
1 0.72727275 0.73376626 0.1590909 0.37987012
9 0.8863636 0.73376626 0.1590909 0.37987012
