8 0.14085545 0.35365853 0.14011799 0.3292683
9 0.28097343 0.35365853 0.14011799 0.3292683
36 0.4210914 0.35365853 0.14011799 0.3292683
22 0.56120944 0.35365853 0.14011802 0.3292683
13 0.70132744 0.35365853 0.14011802 0.3292683
3 0.8414454 0.35365853 0.14011802 0.3292683
0 0.13515687 0.69512194 0.16411906 0.3109756
7 0.29927593 0.69512194 0.16411906 0.3109756
3 0.46339497 0.69512194 0.16411905 0.3109756
37 0.58648425 0.69512194 0.08205954 0.3109756
6 0.70957357 0.69512194 0.16411908 0.3109756
3 0.8736927 0.69512194 0.16411908 0.3109756
