2 0.2376726 0.31854838 0.13214992 0.47782257
3 0.3698225 0.31854838 0.13214992 0.47782257
36 0.50197244 0.31854838 0.13214992 0.47782257
22 0.6341223 0.31854838 0.13214992 0.47782257
0 0.7662722 0.31854838 0.13214992 0.47782257
1 0.8984221 0.31854838 0.13214988 0.47782257
4 0.09682625 0.6532258 0.15814954 0.5080645
0 0.2549758 0.6532258 0.15814954 0.5080645
2 0.4131253 0.6532258 0.15814954 0.5080645
37 0.53173745 0.6532258 0.07907479 0.5080645
1 0.6503496 0.6532258 0.15814954 0.5080645
6 0.8084992 0.6532258 0.15814954 0.5080645
