2 0.13848038 0.2837838 0.14460784 0.3310811
3 0.28308824 0.2837838 0.14460784 0.3310811
36 0.42769605 0.2837838 0.14460786 0.3310811
1 0.5723039 0.2837838 0.14460783 0.3310811
0 0.7169118 0.2837838 0.14460783 0.3310811
1 0.8615195 0.2837838 0.14460783 0.3310811
0 0.1223262 0.7162162 0.171123 0.3445946
1 0.2934492 0.7162162 0.171123 0.3445946
3 0.4645722 0.7162162 0.171123 0.3445946
37 0.59291446 0.7162162 0.08556147 0.3445946
8 0.72125673 0.7162162 0.171123 0.3445946
6 0.89237964 0.7162162 0.171123 0.3445946
