3 0.20402685 0.27731094 0.15302013 0.27731094
7 0.35704696 0.27731094 0.15302013 0.27731094
36 0.5100671 0.27731094 0.1530201 0.27731094
25 0.6630872 0.27731094 0.15302016 0.27731094
1 0.8161074 0.27731094 0.15302016 0.27731094
3 0.118364856 0.70168066 0.16961563 0.29621848
8 0.2879805 0.70168066 0.16961563 0.29621848
5 0.45759612 0.70168066 0.16961563 0.29621848
37 0.5848078 0.70168066 0.08480778 0.29621848
6 0.71201956 0.70168066 0.16961563 0.29621848
9 0.8816351 0.70168066 0.16961563 0.29621848
