2 0.16416185 0.29946524 0.17803468 0.4171123
9 0.34219652 0.29946524 0.17803468 0.4171123
36 0.5202312 0.29946524 0.17803465 0.4171123
14 0.69826585 0.29946524 0.1780347 0.4171123
1 0.87630063 0.29946524 0.1780347 0.4171123
1 0.08565423 0.64171124 0.17130846 0.44117647
8 0.2569627 0.64171124 0.17130846 0.44117647
8 0.42827117 0.64171124 0.17130844 0.44117647
37 0.55675244 0.64171124 0.085654244 0.44117647
5 0.68523383 0.64171124 0.17130844 0.44117647
5 0.85654235 0.64171124 0.17130849 0.44117647
