2 0.1356132 0.2748538 0.1485849 0.33333334
3 0.2841981 0.2748538 0.1485849 0.33333334
36 0.432783 0.2748538 0.1485849 0.33333334
22 0.5813679 0.2748538 0.1485849 0.33333334
13 0.7299528 0.2748538 0.1485849 0.33333334
1 0.8785377 0.2748538 0.1485849 0.33333334
0 0.14622642 0.7105263 0.16981132 0.35526314
2 0.31603774 0.7105263 0.16981132 0.35526314
2 0.48584905 0.7105263 0.16981132 0.35526314
37 0.6132075 0.7105263 0.08490566 0.35526314
9 0.740566 0.7105263 0.16981132 0.35526314
8 0.9103774 0.7105263 0.16981132 0.35526314
