2 0.11791666 0.2652439 0.14583331 0.2972561
3 0.26375 0.2652439 0.14583331 0.2972561
36 0.40958327 0.2652439 0.14583331 0.2972561
22 0.55541664 0.2652439 0.14583331 0.2972561
13 0.70125 0.2652439 0.14583331 0.2972561
1 0.8470833 0.2652439 0.14583336 0.2972561
0 0.12090909 0.69207317 0.17181818 0.35213414
1 0.2927273 0.69207317 0.17181818 0.35213414
3 0.46454543 0.69207317 0.1718182 0.35213414
37 0.5934091 0.69207317 0.08590908 0.35213414
9 0.7222727 0.69207317 0.1718182 0.35213414
2 0.8940909 0.69207317 0.17181817 0.35213414
