1 0.3548951 0.35260117 0.052447554 0.31213874
5 0.40734264 0.35260117 0.052447554 0.31213874
36 0.4597902 0.35260117 0.052447554 0.31213874
22 0.5122378 0.35260117 0.052447554 0.31213874
13 0.5646853 0.35260117 0.052447554 0.31213874
1 0.61713284 0.35260117 0.052447554 0.31213874
4 0.4011443 0.50578034 0.061029874 0.30780348
5 0.4621742 0.50578034 0.061029874 0.30780348
3 0.523204 0.50578034 0.061029874 0.30780348
37 0.5689766 0.50578034 0.030514963 0.30780348
6 0.6147489 0.50578034 0.061029874 0.30780348
6 0.6757788 0.50578034 0.061029874 0.30780348
