3 0.25172412 0.29064038 0.13563219 0.28078818
8 0.38735634 0.29064038 0.13563219 0.28078818
36 0.5229885 0.29064038 0.13563222 0.28078818
15 0.6586207 0.29064038 0.13563216 0.28078818
1 0.7942529 0.29064038 0.13563216 0.28078818
1 0.16544758 0.67487687 0.14698711 0.28078818
1 0.3124347 0.67487687 0.14698711 0.28078818
4 0.45942178 0.67487687 0.14698713 0.28078818
37 0.56966215 0.67487687 0.07349358 0.28078818
6 0.67990255 0.67487687 0.1469871 0.28078818
4 0.8268896 0.67487687 0.1469871 0.28078818
