2 0.11861862 0.30487806 0.14714715 0.3292683
9 0.26576576 0.30487806 0.14714715 0.3292683
36 0.41291294 0.30487806 0.14714713 0.3292683
22 0.5600601 0.30487806 0.14714716 0.3292683
0 0.7072072 0.30487806 0.14714716 0.3292683
2 0.85435444 0.30487806 0.14714716 0.3292683
1 0.13022113 0.7012195 0.17035216 0.33841464
2 0.3005733 0.7012195 0.17035216 0.33841464
7 0.47092548 0.7012195 0.17035218 0.33841464
37 0.5986896 0.7012195 0.08517607 0.33841464
4 0.7264537 0.7012195 0.17035215 0.33841464
4 0.8968058 0.7012195 0.17035215 0.33841464
