1 0.23585525 0.28325123 0.13618422 0.30665025
4 0.3720395 0.28325123 0.13618422 0.30665025
36 0.5082237 0.28325123 0.13618425 0.30665025
33 0.6444079 0.28325123 0.13618419 0.30665025
1 0.78059214 0.28325123 0.13618419 0.30665025
3 0.15370813 0.72906405 0.15610047 0.31034482
9 0.3098086 0.72906405 0.15610047 0.31034482
1 0.46590906 0.72906405 0.15610047 0.31034482
37 0.58298445 0.72906405 0.07805026 0.31034482
5 0.7000598 0.72906405 0.15610047 0.31034482
4 0.85616034 0.72906405 0.15610047 0.31034482
