9 0.18318585 0.28804347 0.1539823 0.30163044
9 0.33716813 0.28804347 0.1539823 0.30163044
36 0.49115044 0.28804347 0.15398228 0.30163044
12 0.64513266 0.28804347 0.15398231 0.30163044
1 0.79911506 0.28804347 0.15398231 0.30163044
3 0.13515687 0.7119565 0.16411906 0.30163044
7 0.29927593 0.7119565 0.16411906 0.30163044
5 0.46339497 0.7119565 0.16411905 0.30163044
37 0.58648425 0.7119565 0.08205954 0.30163044
5 0.70957357 0.7119565 0.16411908 0.30163044
2 0.8736927 0.7119565 0.16411908 0.30163044
