2 0.1290909 0.26760563 0.14909092 0.36619717
3 0.27818182 0.26760563 0.14909092 0.36619717
36 0.42727274 0.26760563 0.14909092 0.36619717
22 0.5763636 0.26760563 0.14909092 0.36619717
0 0.72545457 0.26760563 0.14909092 0.36619717
1 0.87454545 0.26760563 0.14909092 0.36619717
0 0.12694214 0.73239434 0.17388429 0.37323943
0 0.30082643 0.73239434 0.17388429 0.37323943
9 0.47471076 0.73239434 0.1738843 0.37323943
37 0.60512394 0.73239434 0.08694214 0.37323943
7 0.7355372 0.73239434 0.17388427 0.37323943
5 0.9094215 0.73239434 0.17388433 0.37323943
