2 0.14694656 0.26666668 0.13358779 0.28181818
3 0.28053436 0.26666668 0.13358779 0.28181818
36 0.41412213 0.26666668 0.13358779 0.28181818
22 0.54770994 0.26666668 0.13358779 0.28181818
13 0.6812977 0.26666668 0.13358779 0.28181818
1 0.8148855 0.26666668 0.13358779 0.28181818
0 0.14434421 0.6909091 0.15891743 0.3181818
2 0.3032616 0.6909091 0.15891743 0.3181818
5 0.46217906 0.6909091 0.15891741 0.3181818
37 0.5813671 0.6909091 0.07945869 0.3181818
8 0.70055515 0.6909091 0.15891743 0.3181818
0 0.85947263 0.6909091 0.15891743 0.3181818
