2 0.12437186 0.29761904 0.1482412 0.31547618
9 0.27261308 0.29761904 0.1482412 0.31547618
36 0.42085427 0.29761904 0.1482412 0.31547618
22 0.5690955 0.29761904 0.1482412 0.31547618
0 0.71733665 0.29761904 0.1482412 0.31547618
1 0.8655779 0.29761904 0.1482412 0.31547618
0 0.13750571 0.75396824 0.16445865 0.33333334
5 0.30196437 0.75396824 0.16445865 0.33333334
2 0.466423 0.75396824 0.16445865 0.33333334
37 0.589767 0.75396824 0.082229346 0.33333334
0 0.713111 0.75396824 0.16445869 0.33333334
0 0.8775697 0.75396824 0.16445862 0.33333334
